-1.0000 0.8959 0.0090
-0.9990 0.9137 0.0130
-0.9980 0.9316 0.0166
-0.9970 0.9497 0.0189
-0.9960 0.9679 0.0194
-0.9950 0.9863 0.0179
-0.9940 1.0049 0.0145
-0.9930 1.0235 0.0100
-0.9920 1.0424 0.0052
-0.9910 1.0613 0.0015
-0.9900 1.0804 0.0000
-0.9890 1.0997 0.0017
-0.9880 1.1190 0.0072
-0.9870 1.1385 0.0162
-0.9860 1.1582 0.0278
-0.9850 1.1780 0.0403
-0.9840 1.1979 0.0517
-0.9830 1.2179 0.0597
-0.9820 1.2381 0.0624
-0.9810 1.2584 0.0585
-0.9800 1.2788 0.0482
-0.9790 1.2993 0.0331
-0.9780 1.3200 0.0166
-0.9770 1.3407 0.0037
-0.9760 1.3616 0.0005
-0.9750 1.3826 0.0138
-0.9740 1.4038 0.0503
-0.9730 1.4250 0.1154
-0.9720 1.4463 0.2125
-0.9710 1.4678 0.3422
-0.9700 1.4894 0.5018
-0.9690 1.5110 0.6850
-0.9680 1.5328 0.8825
-0.9670 1.5546 1.0822
-0.9660 1.5766 1.2705
-0.9650 1.5987 1.4337
-0.9640 1.6208 1.5589
-0.9630 1.6431 1.6360
-0.9620 1.6654 1.6582
-0.9610 1.6878 1.6234
-0.9600 1.7103 1.5340
-0.9590 1.7329 1.3967
-0.9580 1.7556 1.2223
-0.9570 1.7783 1.0241
-0.9560 1.8012 0.8168
-0.9550 1.8241 0.6147
-0.9540 1.8471 0.4308
-0.9530 1.8701 0.2749
-0.9520 1.8932 0.1534
-0.9510 1.9164 0.0687
-0.9500 1.9397 0.0194
-0.9490 1.9630 0.0007
-0.9480 1.9864 0.0055
-0.9470 2.0098 0.0253
-0.9460 2.0333 0.0518
-0.9450 2.0568 0.0775
-0.9440 2.0804 0.0967
-0.9430 2.1041 0.1060
-0.9420 2.1278 0.1043
-0.9410 2.1515 0.0929
-0.9400 2.1753 0.0745
-0.9390 2.1991 0.0527
-0.9380 2.2229 0.0316
-0.9370 2.2468 0.0145
-0.9360 2.2707 0.0036
-0.9350 2.2946 0.0000
-0.9340 2.3186 0.0032
-0.9330 2.3426 0.0117
-0.9320 2.3666 0.0230
-0.9310 2.3906 0.0345
-0.9300 2.4147 0.0437
-0.9290 2.4387 0.0488
-0.9280 2.4628 0.0489
-0.9270 2.4869 0.0443
-0.9260 2.5110 0.0358
-0.9250 2.5351 0.0254
-0.9240 2.5592 0.0149
-0.9230 2.5833 0.0064
-0.9220 2.6074 0.0012
-0.9210 2.6314 0.0001
-0.9200 2.6555 0.0031
-0.9190 2.6796 0.0092
-0.9180 2.7036 0.0171
-0.9170 2.7276 0.0250
-0.9160 2.7516 0.0313
-0.9150 2.7756 0.0348
-0.9140 2.7996 0.0347
-0.9130 2.8235 0.0312
-0.9120 2.8474 0.0250
-0.9110 2.8713 0.0173
-0.9100 2.8951 0.0098
-0.9090 2.9189 0.0037
-0.9080 2.9427 0.0004
-0.9070 2.9664 0.0004
-0.9060 2.9901 0.0036
-0.9050 3.0137 0.0094
-0.9040 3.0372 0.0165
-0.9030 3.0607 0.0235
-0.9020 3.0842 0.0289
-0.9010 3.1076 0.0317
-0.9000 3.1309 0.0313
-0.8990 3.1541 0.0278
-0.8980 3.1773 0.0219
-0.8970 3.2005 0.0147
-0.8960 3.2235 0.0078
-0.8950 3.2465 0.0026
-0.8940 3.2694 0.0001
-0.8930 3.2922 0.0010
-0.8920 3.3149 0.0050
-0.8910 3.3375 0.0116
-0.8900 3.3601 0.0193
-0.8890 3.3825 0.0268
-0.8880 3.4049 0.0324
-0.8870 3.4271 0.0351
-0.8860 3.4493 0.0342
-0.8850 3.4713 0.0299
-0.8840 3.4932 0.0230
-0.8830 3.5151 0.0150
-0.8820 3.5368 0.0074
-0.8810 3.5584 0.0020
-0.8800 3.5799 0.0000
-0.8790 3.6012 0.0021
-0.8780 3.6225 0.0080
-0.8770 3.6436 0.0170
-0.8760 3.6646 0.0272
-0.8750 3.6854 0.0368
-0.8740 3.7062 0.0440
-0.8730 3.7267 0.0470
-0.8720 3.7472 0.0454
-0.8710 3.7675 0.0391
-0.8700 3.7876 0.0295
-0.8690 3.8076 0.0185
-0.8680 3.8275 0.0084
-0.8670 3.8472 0.0017
-0.8660 3.8667 0.0002
-0.8650 3.8861 0.0049
-0.8640 3.9054 0.0156
-0.8630 3.9244 0.0308
-0.8620 3.9433 0.0480
-0.8610 3.9621 0.0640
-0.8600 3.9806 0.0758
-0.8590 3.9990 0.0808
-0.8580 4.0172 0.0776
-0.8570 4.0352 0.0664
-0.8560 4.0531 0.0493
-0.8550 4.0707 0.0297
-0.8540 4.0882 0.0122
-0.8530 4.1055 0.0015
-0.8520 4.1226 0.0016
-0.8510 4.1395 0.0149
-0.8500 4.1562 0.0415
-0.8490 4.1727 0.0789
-0.8480 4.1890 0.1220
-0.8470 4.2051 0.1638
-0.8460 4.2210 0.1966
-0.8450 4.2367 0.2132
-0.8440 4.2522 0.2088
-0.8430 4.2674 0.1820
-0.8420 4.2825 0.1366
-0.8410 4.2973 0.0814
-0.8400 4.3119 0.0304
-0.8390 4.3263 0.0014
-0.8380 4.3405 0.0146
-0.8370 4.3544 0.0898
-0.8360 4.3681 0.2436
-0.8350 4.3816 0.4872
-0.8340 4.3948 0.8237
-0.8330 4.4078 1.2469
-0.8320 4.4206 1.7405
-0.8310 4.4331 2.2789
-0.8300 4.4454 2.8296
-0.8290 4.4575 3.3549
-0.8280 4.4693 3.8168
-0.8270 4.4808 4.1797
-0.8260 4.4921 4.4149
-0.8250 4.5031 4.5031
-0.8240 4.5139 4.4370
-0.8230 4.5245 4.2218
-0.8220 4.5347 3.8746
-0.8210 4.5448 3.4229
-0.8200 4.5545 2.9015
-0.8190 4.5640 2.3488
-0.8180 4.5732 1.8030
-0.8170 4.5822 1.2984
-0.8160 4.5909 0.8623
-0.8150 4.5993 0.5128
-0.8140 4.6074 0.2579
-0.8130 4.6153 0.0957
-0.8120 4.6229 0.0158
-0.8110 4.6302 0.0015
-0.8100 4.6373 0.0325
-0.8090 4.6440 0.0877
-0.8080 4.6505 0.1481
-0.8070 4.6567 0.1984
-0.8060 4.6626 0.2288
-0.8050 4.6682 0.2350
-0.8040 4.6736 0.2178
-0.8030 4.6786 0.1824
-0.8020 4.6834 0.1366
-0.8010 4.6878 0.0888
-0.8000 4.6920 0.0470
-0.7990 4.6959 0.0170
-0.7980 4.6995 0.0018
-0.7970 4.7027 0.0017
-0.7960 4.7057 0.0140
-0.7950 4.7084 0.0343
-0.7940 4.7108 0.0572
-0.7930 4.7129 0.0775
-0.7920 4.7147 0.0910
-0.7910 4.7162 0.0953
-0.7900 4.7173 0.0899
-0.7890 4.7182 0.0763
-0.7880 4.7188 0.0575
-0.7870 4.7190 0.0371
-0.7860 4.7190 0.0189
-0.7850 4.7186 0.0060
-0.7840 4.7180 0.0002
-0.7830 4.7170 0.0020
-0.7820 4.7157 0.0103
-0.7810 4.7141 0.0228
-0.7800 4.7122 0.0367
-0.7790 4.7100 0.0489
-0.7780 4.7074 0.0570
-0.7770 4.7046 0.0594
-0.7760 4.7014 0.0558
-0.7750 4.6979 0.0470
-0.7740 4.6941 0.0349
-0.7730 4.6900 0.0219
-0.7720 4.6856 0.0104
-0.7710 4.6809 0.0027
-0.7700 4.6758 0.0000
-0.7690 4.6705 0.0026
-0.7680 4.6648 0.0097
-0.7670 4.6588 0.0198
-0.7660 4.6525 0.0306
-0.7650 4.6458 0.0400
-0.7640 4.6389 0.0460
-0.7630 4.6316 0.0474
-0.7620 4.6240 0.0440
-0.7610 4.6161 0.0366
-0.7600 4.6079 0.0265
-0.7590 4.5994 0.0160
-0.7580 4.5906 0.0070
-0.7570 4.5814 0.0013
-0.7560 4.5719 0.0001
-0.7550 4.5622 0.0036
-0.7540 4.5521 0.0110
-0.7530 4.5417 0.0208
-0.7520 4.5309 0.0311
-0.7510 4.5199 0.0398
-0.7500 4.5086 0.0451
-0.7490 4.4969 0.0459
-0.7480 4.4849 0.0421
-0.7470 4.4727 0.0343
-0.7460 4.4601 0.0243
-0.7450 4.4472 0.0139
-0.7440 4.4340 0.0054
-0.7430 4.4205 0.0006
-0.7420 4.4067 0.0006
-0.7410 4.3926 0.0056
-0.7400 4.3782 0.0147
-0.7390 4.3635 0.0263
-0.7380 4.3485 0.0381
-0.7370 4.3332 0.0478
-0.7360 4.3176 0.0535
-0.7350 4.3017 0.0539
-0.7340 4.2855 0.0488
-0.7330 4.2690 0.0392
-0.7320 4.2522 0.0269
-0.7310 4.2352 0.0146
-0.7300 4.2178 0.0049
-0.7290 4.2002 0.0002
-0.7280 4.1822 0.0019
-0.7270 4.1640 0.0102
-0.7260 4.1455 0.0241
-0.7250 4.1268 0.0412
-0.7240 4.1077 0.0585
-0.7230 4.0884 0.0727
-0.7220 4.0688 0.0808
-0.7210 4.0489 0.0810
-0.7200 4.0288 0.0730
-0.7190 4.0084 0.0579
-0.7180 3.9877 0.0389
-0.7170 3.9667 0.0199
-0.7160 3.9455 0.0055
-0.7150 3.9241 0.0000
-0.7140 3.9024 0.0061
-0.7130 3.8804 0.0249
-0.7120 3.8582 0.0547
-0.7110 3.8357 0.0918
-0.7100 3.8130 0.1303
-0.7090 3.7900 0.1635
-0.7080 3.7668 0.1846
-0.7070 3.7433 0.1886
-0.7060 3.7196 0.1730
-0.7050 3.6957 0.1395
-0.7040 3.6716 0.0938
-0.7030 3.6472 0.0461
-0.7020 3.6226 0.0101
-0.7010 3.5978 0.0012
-0.7000 3.5727 0.0355
-0.6990 3.5474 0.1267
-0.6980 3.5220 0.2845
-0.6970 3.4963 0.5126
-0.6960 3.4704 0.8078
-0.6950 3.4443 1.1590
-0.6940 3.4180 1.5481
-0.6930 3.3915 1.9512
-0.6920 3.3648 2.3409
-0.6910 3.3379 2.6888
-0.6900 3.3109 2.9683
-0.6890 3.2836 3.1576
-0.6880 3.2562 3.2419
-0.6870 3.2286 3.2149
-0.6860 3.2008 3.0793
-0.6850 3.1728 2.8465
-0.6840 3.1447 2.5357
-0.6830 3.1165 2.1711
-0.6820 3.0880 1.7797
-0.6810 3.0594 1.3887
-0.6800 3.0307 1.0226
-0.6790 3.0018 0.7011
-0.6780 2.9728 0.4377
-0.6770 2.9436 0.2391
-0.6760 2.9143 0.1049
-0.6750 2.8849 0.0291
-0.6740 2.8554 0.0010
-0.6730 2.8257 0.0077
-0.6720 2.7959 0.0351
-0.6710 2.7660 0.0704
-0.6700 2.7360 0.1030
-0.6690 2.7059 0.1257
-0.6680 2.6757 0.1348
-0.6670 2.6454 0.1297
-0.6660 2.6150 0.1130
-0.6650 2.5846 0.0886
-0.6640 2.5540 0.0613
-0.6630 2.5234 0.0360
-0.6620 2.4927 0.0161
-0.6610 2.4619 0.0039
-0.6600 2.4311 0.0000
-0.6590 2.4002 0.0033
-0.6580 2.3693 0.0118
-0.6570 2.3383 0.0227
-0.6560 2.3073 0.0333
-0.6550 2.2762 0.0412
-0.6540 2.2451 0.0449
-0.6530 2.2140 0.0440
-0.6520 2.1829 0.0389
-0.6510 2.1517 0.0307
-0.6500 2.1205 0.0212
-0.6490 2.0894 0.0122
-0.6480 2.0582 0.0051
-0.6470 2.0270 0.0009
-0.6460 1.9959 0.0001
-0.6450 1.9647 0.0023
-0.6440 1.9336 0.0066
-0.6430 1.9025 0.0120
-0.6420 1.8715 0.0171
-0.6410 1.8405 0.0209
-0.6400 1.8095 0.0227
-0.6390 1.7786 0.0221
-0.6380 1.7477 0.0193
-0.6370 1.7169 0.0151
-0.6360 1.6862 0.0102
-0.6350 1.6555 0.0056
-0.6340 1.6249 0.0021
-0.6330 1.5944 0.0002
-0.6320 1.5640 0.0002
-0.6310 1.5337 0.0019
-0.6300 1.5035 0.0047
-0.6290 1.4734 0.0080
-0.6280 1.4434 0.0111
-0.6270 1.4135 0.0132
-0.6260 1.3838 0.0141
-0.6250 1.3542 0.0135
-0.6240 1.3247 0.0117
-0.6230 1.2954 0.0089
-0.6220 1.2662 0.0058
-0.6210 1.2372 0.0030
-0.6200 1.2084 0.0010
-0.6190 1.1797 0.0000
-0.6180 1.1512 0.0003
-0.6170 1.1229 0.0017
-0.6160 1.0947 0.0038
-0.6150 1.0668 0.0061
-0.6140 1.0391 0.0082
-0.6130 1.0116 0.0096
-0.6120 0.9843 0.0101
-0.6110 0.9572 0.0095
-0.6100 0.9303 0.0080
-0.6090 0.9037 0.0060
-0.6080 0.8773 0.0037
-0.6070 0.8512 0.0018
-0.6060 0.8253 0.0005
-0.6050 0.7997 0.0000
-0.6040 0.7744 0.0004
-0.6030 0.7493 0.0017
-0.6020 0.7246 0.0034
-0.6010 0.7001 0.0052
-0.6000 0.6759 0.0068
-0.5990 0.6520 0.0077
-0.5980 0.6284 0.0079
-0.5970 0.6052 0.0073
-0.5960 0.5822 0.0061
-0.5950 0.5596 0.0044
-0.5940 0.5374 0.0026
-0.5930 0.5154 0.0011
-0.5920 0.4939 0.0002
-0.5910 0.4727 0.0000
-0.5900 0.4518 0.0006
-0.5890 0.4313 0.0017
-0.5880 0.4112 0.0032
-0.5870 0.3915 0.0048
-0.5860 0.3722 0.0060
-0.5850 0.3533 0.0067
-0.5840 0.3348 0.0068
-0.5830 0.3167 0.0061
-0.5820 0.2991 0.0049
-0.5810 0.2818 0.0034
-0.5800 0.2650 0.0019
-0.5790 0.2487 0.0007
-0.5780 0.2328 0.0001
-0.5770 0.2173 0.0001
-0.5760 0.2023 0.0007
-0.5750 0.1878 0.0019
-0.5740 0.1738 0.0033
-0.5730 0.1603 0.0047
-0.5720 0.1472 0.0057
-0.5710 0.1347 0.0063
-0.5700 0.1226 0.0062
-0.5690 0.1111 0.0055
-0.5680 0.1001 0.0043
-0.5670 0.0897 0.0029
-0.5660 0.0797 0.0015
-0.5650 0.0704 0.0005
-0.5640 0.0615 0.0000
-0.5630 0.0533 0.0002
-0.5620 0.0456 0.0009
-0.5610 0.0384 0.0021
-0.5600 0.0319 0.0035
-0.5590 0.0259 0.0049
-0.5580 0.0206 0.0058
-0.5570 0.0158 0.0062
-0.5560 0.0117 0.0060
-0.5550 0.0081 0.0052
-0.5540 0.0052 0.0039
-0.5530 0.0030 0.0025
-0.5520 0.0013 0.0012
-0.5510 0.0003 0.0003
-0.5500 0.0000 0.0000
-0.5490 0.0003 0.0003
-0.5480 0.0013 0.0012
-0.5470 0.0030 0.0026
-0.5460 0.0054 0.0040
-0.5450 0.0084 0.0054
-0.5440 0.0121 0.0063
-0.5430 0.0166 0.0065
-0.5420 0.0217 0.0062
-0.5410 0.0276 0.0052
-0.5400 0.0342 0.0038
-0.5390 0.0415 0.0023
-0.5380 0.0496 0.0010
-0.5370 0.0584 0.0002
-0.5360 0.0680 0.0000
-0.5350 0.0784 0.0005
-0.5340 0.0895 0.0017
-0.5330 0.1013 0.0032
-0.5320 0.1140 0.0049
-0.5310 0.1274 0.0063
-0.5300 0.1417 0.0071
-0.5290 0.1567 0.0073
-0.5280 0.1726 0.0067
-0.5270 0.1893 0.0055
-0.5260 0.2068 0.0039
-0.5250 0.2251 0.0023
-0.5240 0.2443 0.0009
-0.5230 0.2643 0.0001
-0.5220 0.2851 0.0001
-0.5210 0.3069 0.0009
-0.5200 0.3295 0.0024
-0.5190 0.3529 0.0043
-0.5180 0.3772 0.0062
-0.5170 0.4025 0.0078
-0.5160 0.4286 0.0087
-0.5150 0.4556 0.0087
-0.5140 0.4835 0.0078
-0.5130 0.5123 0.0062
-0.5120 0.5421 0.0043
-0.5110 0.5727 0.0023
-0.5100 0.6043 0.0008
-0.5090 0.6368 0.0000
-0.5080 0.6703 0.0003
-0.5070 0.7047 0.0015
-0.5060 0.7401 0.0036
-0.5050 0.7765 0.0060
-0.5040 0.8138 0.0084
-0.5030 0.8521 0.0103
-0.5020 0.8913 0.0113
-0.5010 0.9316 0.0111
-0.5000 0.9728 0.0097
-0.4990 1.0151 0.0076
-0.4980 1.0583 0.0049
-0.4970 1.1026 0.0025
-0.4960 1.1479 0.0007
-0.4950 1.1942 0.0000
-0.4940 1.2415 0.0007
-0.4930 1.2899 0.0027
-0.4920 1.3393 0.0057
-0.4910 1.3897 0.0091
-0.4900 1.4412 0.0124
-0.4890 1.4938 0.0148
-0.4880 1.5474 0.0158
-0.4870 1.6021 0.0153
-0.4860 1.6579 0.0131
-0.4850 1.7147 0.0099
-0.4840 1.7727 0.0062
-0.4830 1.8317 0.0028
-0.4820 1.8918 0.0006
-0.4810 1.9530 0.0001
-0.4800 2.0154 0.0016
-0.4790 2.0788 0.0050
-0.4780 2.1434 0.0098
-0.4770 2.2090 0.0152
-0.4760 2.2758 0.0200
-0.4750 2.3438 0.0234
-0.4740 2.4129 0.0246
-0.4730 2.4831 0.0233
-0.4720 2.5544 0.0196
-0.4710 2.6269 0.0143
-0.4700 2.7006 0.0085
-0.4690 2.7754 0.0034
-0.4680 2.8514 0.0004
-0.4670 2.9286 0.0004
-0.4660 3.0069 0.0038
-0.4650 3.0864 0.0103
-0.4640 3.1671 0.0190
-0.4630 3.2490 0.0284
-0.4620 3.3321 0.0368
-0.4610 3.4164 0.0423
-0.4600 3.5018 0.0439
-0.4590 3.5885 0.0409
-0.4580 3.6764 0.0338
-0.4570 3.7655 0.0239
-0.4560 3.8558 0.0133
-0.4550 3.9473 0.0046
-0.4540 4.0400 0.0002
-0.4530 4.1340 0.0018
-0.4520 4.2292 0.0103
-0.4510 4.3257 0.0251
-0.4500 4.4233 0.0441
-0.4490 4.5223 0.0644
-0.4480 4.6224 0.0822
-0.4470 4.7238 0.0938
-0.4460 4.8265 0.0966
-0.4450 4.9304 0.0893
-0.4440 5.0355 0.0728
-0.4430 5.1420 0.0502
-0.4420 5.2497 0.0264
-0.4410 5.3586 0.0076
-0.4400 5.4688 0.0000
-0.4390 5.5803 0.0087
-0.4380 5.6931 0.0363
-0.4370 5.8071 0.0822
-0.4360 5.9224 0.1415
-0.4350 6.0390 0.2062
-0.4340 6.1569 0.2654
-0.4330 6.2761 0.3075
-0.4320 6.3965 0.3222
-0.4310 6.5183 0.3033
-0.4300 6.6413 0.2509
-0.4290 6.7656 0.1731
-0.4280 6.8913 0.0874
-0.4270 7.0182 0.0196
-0.4260 7.1464 0.0024
-0.4250 7.2759 0.0718
-0.4240 7.4067 0.2635
-0.4230 7.5389 0.6074
-0.4220 7.6723 1.1229
-0.4210 7.8070 1.8147
-0.4200 7.9431 2.6698
-0.4190 8.0804 3.6564
-0.4180 8.2191 4.7251
-0.4170 8.3591 5.8120
-0.4160 8.5004 6.8442
-0.4150 8.6430 7.7462
-0.4140 8.7869 8.4482
-0.4130 8.9321 8.8925
-0.4120 9.0787 9.0408
-0.4110 9.2265 8.8779
-0.4100 9.3757 8.4141
-0.4090 9.5262 7.6847
-0.4080 9.6780 6.7461
-0.4070 9.8311 5.6701
-0.4060 9.9856 4.5367
-0.4050 10.1413 3.4256
-0.4040 10.2984 2.4086
-0.4030 10.4568 1.5425
-0.4020 10.6165 0.8643
-0.4010 10.7775 0.3892
-0.4000 10.9399 0.1108
-0.3990 11.1035 0.0042
-0.3980 11.2685 0.0304
-0.3970 11.4348 0.1430
-0.3960 11.6024 0.2946
-0.3950 11.7713 0.4427
-0.3940 11.9415 0.5545
-0.3930 12.1130 0.6100
-0.3920 12.2859 0.6027
-0.3910 12.4600 0.5386
-0.3900 12.6355 0.4334
-0.3890 12.8123 0.3081
-0.3880 12.9903 0.1855
-0.3870 13.1697 0.0854
-0.3860 13.3504 0.0215
-0.3850 13.5323 0.0000
-0.3840 13.7156 0.0189
-0.3830 13.9002 0.0690
-0.3820 14.0861 0.1365
-0.3810 14.2732 0.2055
-0.3800 14.4616 0.2614
-0.3790 14.6514 0.2931
-0.3780 14.8424 0.2951
-0.3770 15.0347 0.2679
-0.3760 15.2283 0.2177
-0.3750 15.4231 0.1548
-0.3740 15.6193 0.0914
-0.3730 15.8167 0.0393
-0.3720 16.0154 0.0075
-0.3710 16.2153 0.0008
-0.3700 16.4165 0.0189
-0.3690 16.6190 0.0568
-0.3680 16.8227 0.1060
-0.3670 17.0277 0.1557
-0.3660 17.2339 0.1959
-0.3650 17.4414 0.2184
-0.3640 17.6501 0.2189
-0.3630 17.8600 0.1976
-0.3620 18.0712 0.1589
-0.3610 18.2837 0.1107
-0.3600 18.4973 0.0626
-0.3590 18.7122 0.0242
-0.3580 18.9283 0.0028
-0.3570 19.1456 0.0026
-0.3560 19.3642 0.0234
-0.3550 19.5839 0.0608
-0.3540 19.8048 0.1073
-0.3530 20.0270 0.1533
-0.3520 20.2503 0.1896
-0.3510 20.4748 0.2089
-0.3500 20.7005 0.2071
-0.3490 20.9274 0.1847
-0.3480 21.1555 0.1459
-0.3470 21.3847 0.0987
-0.3460 21.6151 0.0528
-0.3450 21.8466 0.0176
-0.3440 22.0793 0.0008
-0.3430 22.3132 0.0063
-0.3420 22.5482 0.0339
-0.3410 22.7843 0.0786
-0.3400 23.0216 0.1320
-0.3390 23.2599 0.1837
-0.3380 23.4995 0.2234
-0.3370 23.7401 0.2429
-0.3360 23.9818 0.2379
-0.3350 24.2246 0.2090
-0.3340 24.4685 0.1618
-0.3330 24.7135 0.1057
-0.3320 24.9596 0.0527
-0.3310 25.2068 0.0143
-0.3300 25.4550 0.0000
-0.3290 25.7043 0.0146
-0.3280 25.9547 0.0572
-0.3270 26.2061 0.1214
-0.3260 26.4585 0.1959
-0.3250 26.7120 0.2666
-0.3240 26.9665 0.3195
-0.3230 27.2220 0.3436
-0.3220 27.4786 0.3329
-0.3210 27.7361 0.2886
-0.3200 27.9947 0.2187
-0.3190 28.2542 0.1377
-0.3180 28.5147 0.0630
-0.3170 28.7762 0.0128
-0.3160 29.0387 0.0014
-0.3150 29.3021 0.0366
-0.3140 29.5665 0.1173
-0.3130 29.8318 0.2331
-0.3120 30.0980 0.3652
-0.3110 30.3652 0.4900
-0.3100 30.6333 0.5830
-0.3090 30.9023 0.6242
-0.3080 31.1722 0.6022
-0.3070 31.4430 0.5182
-0.3060 31.7147 0.3868
-0.3050 31.9873 0.2347
-0.3040 32.2607 0.0973
-0.3030 32.5350 0.0123
-0.3020 32.8101 0.0123
-0.3010 33.0861 0.1178
-0.3000 33.3629 0.3313
-0.2990 33.6406 0.6337
-0.2980 33.9190 0.9853
-0.2970 34.1983 1.3300
-0.2960 34.4783 1.6044
-0.2950 34.7592 1.7489
-0.2940 35.0408 1.7212
-0.2930 35.3232 1.5089
-0.2920 35.6063 1.1390
-0.2910 35.8902 0.6834
-0.2900 36.1748 0.2576
-0.2890 36.4602 0.0129
-0.2880 36.7462 0.1216
-0.2870 37.0330 0.7568
-0.2860 37.3205 2.0694
-0.2850 37.6086 4.1643
-0.2840 37.8975 7.0802
-0.2830 38.1870 10.7744
-0.2820 38.4771 15.1173
-0.2810 38.7679 19.8959
-0.2800 39.0594 24.8284
-0.2790 39.3514 29.5875
-0.2780 39.6441 33.8310
-0.2770 39.9374 37.2355
-0.2760 40.2313 39.5301
-0.2750 40.5257 40.5257
-0.2740 40.8207 40.1352
-0.2730 41.1163 38.3847
-0.2720 41.4125 35.4106
-0.2710 41.7091 31.4460
-0.2700 42.0063 26.7963
-0.2690 42.3041 21.8076
-0.2680 42.6023 16.8309
-0.2670 42.9010 12.1878
-0.2660 43.2002 8.1405
-0.2650 43.4999 4.8703
-0.2640 43.8000 2.4655
-0.2630 44.1006 0.9224
-0.2620 44.4016 0.1548
-0.2610 44.7030 0.0137
-0.2600 45.0048 0.3120
-0.2590 45.3071 0.8516
-0.2580 45.6097 1.4485
-0.2570 45.9127 1.9537
-0.2560 46.2161 2.2668
-0.2550 46.5198 2.3418
-0.2540 46.8239 2.1840
-0.2530 47.1283 1.8408
-0.2520 47.4330 1.3870
-0.2510 47.7380 0.9080
-0.2500 48.0433 0.4841
-0.2490 48.3489 0.1766
-0.2480 48.6547 0.0196
-0.2470 48.9608 0.0172
-0.2460 49.2672 0.1453
-0.2450 49.5738 0.3593
-0.2440 49.8806 0.6039
-0.2430 50.1876 0.8237
-0.2420 50.4948 0.9737
-0.2410 50.8021 1.0263
-0.2400 51.1097 0.9747
-0.2390 51.4174 0.8331
-0.2380 51.7252 0.6317
-0.2370 52.0332 0.4106
-0.2360 52.3413 0.2109
-0.2350 52.6495 0.0677
-0.2340 52.9577 0.0029
-0.2330 53.2661 0.0225
-0.2320 53.5745 0.1161
-0.2310 53.8830 0.2596
-0.2300 54.1915 0.4206
-0.2290 54.5000 0.5648
-0.2280 54.8086 0.6628
-0.2270 55.1171 0.6958
-0.2260 55.4256 0.6581
-0.2250 55.7341 0.5586
-0.2240 56.0426 0.4177
-0.2230 56.3510 0.2638
-0.2220 56.6593 0.1271
-0.2210 56.9676 0.0334
-0.2200 57.2757 0.0000
-0.2190 57.5838 0.0316
-0.2180 57.8917 0.1202
-0.2170 58.1995 0.2466
-0.2160 58.5071 0.3845
-0.2150 58.8146 0.5057
-0.2140 59.1219 0.5856
-0.2130 59.4290 0.6083
-0.2120 59.7360 0.5692
-0.2110 60.0427 0.4764
-0.2100 60.3491 0.3486
-0.2090 60.6554 0.2117
-0.2080 60.9613 0.0935
-0.2070 61.2670 0.0183
-0.2060 61.5724 0.0019
-0.2050 61.8776 0.0484
-0.2040 62.1824 0.1496
-0.2030 62.4869 0.2859
-0.2020 62.7910 0.4306
-0.2010 63.0948 0.5549
-0.2000 63.3982 0.6335
-0.1990 63.7013 0.6502
-0.1980 64.0040 0.6008
-0.1970 64.3062 0.4945
-0.1960 64.6080 0.3526
-0.1950 64.9094 0.2042
-0.1940 65.2104 0.0807
-0.1930 65.5109 0.0097
-0.1920 65.8109 0.0092
-0.1910 66.1104 0.0835
-0.1900 66.4094 0.2220
-0.1890 66.7079 0.4006
-0.1880 67.0059 0.5861
-0.1870 67.3033 0.7424
-0.1860 67.6002 0.8375
-0.1850 67.8965 0.8507
-0.1840 68.1922 0.7771
-0.1830 68.4873 0.6295
-0.1820 68.7818 0.4368
-0.1810 69.0757 0.2395
-0.1800 69.3689 0.0820
-0.1790 69.6615 0.0037
-0.1780 69.9534 0.0311
-0.1770 70.2446 0.1710
-0.1760 70.5352 0.4079
-0.1750 70.8250 0.7053
-0.1740 71.1141 1.0115
-0.1730 71.4025 1.2685
-0.1720 71.6901 1.4237
-0.1710 71.9769 1.4410
-0.1700 72.2630 1.3097
-0.1690 72.5483 1.0501
-0.1680 72.8328 0.7119
-0.1670 73.1165 0.3684
-0.1660 73.3993 0.1044
-0.1650 73.6813 0.0000
-0.1640 73.9624 0.1149
-0.1630 74.2427 0.4729
-0.1620 74.5221 1.0527
-0.1610 74.8006 1.7856
-0.1600 75.0782 2.5621
-0.1590 75.3548 3.2475
-0.1580 75.6305 3.7052
-0.1570 75.9053 3.8240
-0.1560 76.1791 3.5458
-0.1550 76.4519 2.8895
-0.1540 76.7238 1.9655
-0.1530 76.9946 0.9789
-0.1520 77.2644 0.2174
-0.1510 77.5332 0.0254
-0.1500 77.8009 0.7655
-0.1490 78.0676 2.7722
-0.1480 78.3332 6.3027
-0.1470 78.5978 11.4913
-0.1460 78.8612 18.3155
-0.1450 79.1236 26.5769
-0.1440 79.3848 35.9027
-0.1430 79.6449 45.7681
-0.1420 79.9038 55.5384
-0.1410 80.1616 64.5271
-0.1400 80.4182 72.0624
-0.1390 80.6737 77.5563
-0.1380 80.9279 80.5667
-0.1370 81.1809 80.8449
-0.1360 81.4327 78.3630
-0.1350 81.6833 73.3177
-0.1340 81.9326 66.1098
-0.1330 82.1807 57.3016
-0.1320 82.4275 47.5580
-0.1310 82.6730 37.5780
-0.1300 82.9173 28.0248
-0.1290 83.1602 19.4639
-0.1280 83.4018 12.3138
-0.1270 83.6421 6.8173
-0.1260 83.8810 3.0342
-0.1250 84.1186 0.8548
-0.1240 84.3548 0.0322
-0.1230 84.5896 0.2270
-0.1220 84.8231 1.0592
-0.1210 85.0551 2.1580
-0.1200 85.2858 3.2059
-0.1190 85.5150 3.9699
-0.1180 85.7428 4.3176
-0.1170 85.9691 4.2179
-0.1160 86.1940 3.7271
-0.1150 86.4174 2.9652
-0.1140 86.6393 2.0851
-0.1130 86.8598 1.2417
-0.1120 87.0787 0.5652
-0.1110 87.2961 0.1409
-0.1100 87.5120 0.0000
-0.1090 87.7264 0.1203
-0.1080 87.9392 0.4359
-0.1070 88.1504 0.8534
-0.1060 88.3601 1.2717
-0.1050 88.5682 1.6005
-0.1040 88.7748 1.7757
-0.1030 88.9797 1.7690
-0.1020 89.1830 1.5893
-0.1010 89.3847 1.2781
-0.1000 89.5848 0.8995
-0.0990 89.7832 0.5257
-0.0980 89.9800 0.2237
-0.0970 90.1751 0.0421
-0.0960 90.3686 0.0041
-0.0950 90.5603 0.1040
-0.0940 90.7504 0.3101
-0.0930 90.9388 0.5724
-0.0920 91.1255 0.8331
-0.0910 91.3105 1.0376
-0.0900 91.4937 1.1455
-0.0890 91.6752 1.1371
-0.0880 91.8549 1.0164
-0.0870 92.0329 0.8096
-0.0860 92.2092 0.5586
-0.0850 92.3836 0.3131
-0.0840 92.5563 0.1197
-0.0830 92.7272 0.0139
-0.0820 92.8963 0.0128
-0.0810 93.0635 0.1124
-0.0800 93.2290 0.2894
-0.0790 93.3926 0.5056
-0.0780 93.5545 0.7159
-0.0770 93.7144 0.8774
-0.0760 93.8725 0.9576
-0.0750 94.0288 0.9409
-0.0740 94.1832 0.8312
-0.0730 94.3357 0.6508
-0.0720 94.4863 0.4364
-0.0710 94.6351 0.2312
-0.0700 94.7819 0.0764
-0.0690 94.9268 0.0033
-0.0680 95.0699 0.0270
-0.0670 95.2110 0.1431
-0.0660 95.3502 0.3288
-0.0650 95.4874 0.5474
-0.0640 95.6227 0.7551
-0.0630 95.7561 0.9102
-0.0620 95.8875 0.9811
-0.0610 96.0169 0.9526
-0.0600 96.1444 0.8297
-0.0590 96.2699 0.6367
-0.0580 96.3934 0.4126
-0.0570 96.5150 0.2038
-0.0560 96.6345 0.0550
-0.0550 96.7520 0.0000
-0.0540 96.8676 0.0548
-0.0530 96.9811 0.2136
-0.0520 97.0926 0.4497
-0.0510 97.2021 0.7194
-0.0500 97.3095 0.9710
-0.0490 97.4149 1.1542
-0.0480 97.5183 1.2308
-0.0470 97.6196 1.1827
-0.0460 97.7189 1.0167
-0.0450 97.8161 0.7645
-0.0440 97.9113 0.4772
-0.0430 98.0044 0.2167
-0.0420 98.0954 0.0436
-0.0410 98.1843 0.0046
-0.0400 98.2712 0.1225
-0.0390 98.3559 0.3901
-0.0380 98.4386 0.7689
-0.0370 98.5192 1.1952
-0.0360 98.5977 1.5908
-0.0350 98.6741 1.8779
-0.0340 98.7484 1.9945
-0.0330 98.8206 1.9092
-0.0320 98.8906 1.6300
-0.0310 98.9586 1.2070
-0.0300 99.0244 0.7267
-0.0290 99.0881 0.2991
-0.0280 99.1497 0.0375
-0.0270 99.2091 0.0371
-0.0260 99.2664 0.3533
-0.0250 99.3216 0.9860
-0.0240 99.3746 1.8717
-0.0230 99.4255 2.8878
-0.0220 99.4743 3.8684
-0.0210 99.5209 4.6308
-0.0200 99.5653 5.0095
-0.0190 99.6076 4.8929
-0.0180 99.6478 4.2569
-0.0170 99.6857 3.1891
-0.0160 99.7216 1.8990
-0.0150 99.7552 0.7105
-0.0140 99.7867 0.0353
-0.0130 99.8161 0.3301
-0.0120 99.8432 2.0400
-0.0110 99.8682 5.5370
-0.0100 99.8911 11.0600
-0.0090 99.9118 18.6651
-0.0080 99.9303 28.1942
-0.0070 99.9466 39.2670
-0.0060 99.9607 51.2994
-0.0050 99.9727 63.5477
-0.0040 99.9825 75.1743
-0.0030 99.9902 85.3281
-0.0020 99.9956 93.2304
-0.0010 99.9989 98.2561
-0.0000 100.0000 99.9998
0.0010 99.9989 98.3196
0.0020 99.9957 93.3521
0.0030 99.9903 85.4983
0.0040 99.9827 75.3797
0.0050 99.9729 63.7729
0.0060 99.9610 51.5284
0.0070 99.9469 39.4848
0.0080 99.9306 28.3881
0.0090 99.9121 18.8261
0.0100 99.8915 11.1830
0.0110 99.8687 5.6210
0.0120 99.8437 2.0879
0.0130 99.8166 0.3477
0.0140 99.7873 0.0305
0.0150 99.7558 0.6918
0.0160 99.7222 1.8748
0.0170 99.6864 3.1662
0.0180 99.6485 4.2405
0.0190 99.6084 4.8857
0.0200 99.5661 5.0121
0.0210 99.5217 4.6419
0.0220 99.4752 3.8852
0.0230 99.4265 2.9069
0.0240 99.3756 1.8899
0.0250 99.3226 1.0005
0.0260 99.2675 0.3623
0.0270 99.2102 0.0400
0.0280 99.1508 0.0348
0.0290 99.0893 0.2923
0.0300 99.0256 0.7179
0.0310 98.9598 1.1982
0.0320 98.8919 1.6232
0.0330 98.8219 1.9057
0.0340 98.7498 1.9948
0.0350 98.6755 1.8818
0.0360 98.5992 1.5974
0.0370 98.5207 1.2031
0.0380 98.4402 0.7766
0.0390 98.3575 0.3963
0.0400 98.2728 0.1262
0.0410 98.1860 0.0053
0.0420 98.0970 0.0415
0.0430 98.0061 0.2125
0.0440 97.9130 0.4719
0.0450 97.8179 0.7592
0.0460 97.7207 1.0127
0.0470 97.6215 1.1806
0.0480 97.5202 1.2311
0.0490 97.4169 1.1567
0.0500 97.3115 0.9752
0.0510 97.2041 0.7245
0.0520 97.0947 0.4546
0.0530 96.9832 0.2174
0.0540 96.8697 0.0568
0.0550 96.7542 0.0000
0.0560 96.6367 0.0530
0.0570 96.5172 0.2004
0.0580 96.3957 0.4084
0.0590 96.2722 0.6327
0.0600 96.1468 0.8267
0.0610 96.0193 0.9511
0.0620 95.8899 0.9815
0.0630 95.7586 0.9124
0.0640 95.6252 0.7586
0.0650 95.4900 0.5515
0.0660 95.3528 0.3327
0.0670 95.2136 0.1460
0.0680 95.0725 0.0283
0.0690 94.9295 0.0029
0.0700 94.7846 0.0742
0.0710 94.6378 0.2277
0.0720 94.4891 0.4324
0.0730 94.3385 0.6470
0.0740 94.1860 0.8283
0.0750 94.0317 0.9397
0.0760 93.8755 0.9582
0.0770 93.7174 0.8797
0.0780 93.5574 0.7194
0.0790 93.3957 0.5097
0.0800 93.2321 0.2932
0.0810 93.0667 0.1151
0.0820 92.8994 0.0137
0.0830 92.7303 0.0129
0.0840 92.5595 0.1169
0.0850 92.3869 0.3089
0.0860 92.2124 0.5539
0.0870 92.0362 0.8051
0.0880 91.8583 1.0132
0.0890 91.6786 1.1358
0.0900 91.4971 1.1465
0.0910 91.3139 1.0406
0.0920 91.1290 0.8375
0.0930 90.9423 0.5775
0.0940 90.7540 0.3146
0.0950 90.5639 0.1070
0.0960 90.3722 0.0048
0.0970 90.1787 0.0401
0.0980 89.9837 0.2190
0.0990 89.7869 0.5193
0.1000 89.5885 0.8923
0.1010 89.3885 1.2715
0.1020 89.1868 1.5845
0.1030 88.9835 1.7672
0.1040 88.7786 1.7773
0.1050 88.5721 1.6053
0.1060 88.3640 1.2789
0.1070 88.1544 0.8615
0.1080 87.9431 0.4431
0.1090 87.7303 0.1247
0.1100 87.5160 0.0000
0.1110 87.3001 0.1357
0.1120 87.0828 0.5548
0.1130 86.8639 1.2273
0.1140 86.6434 2.0685
0.1150 86.4215 2.9494
0.1160 86.1982 3.7149
0.1170 85.9733 4.2120
0.1180 85.7470 4.3198
0.1190 85.5193 3.9805
0.1200 85.2901 3.2233
0.1210 85.0595 2.1789
0.1220 84.8274 1.0783
0.1230 84.5940 0.2379
0.1240 84.3592 0.0276
0.1250 84.1230 0.8280
0.1260 83.8855 2.9794
0.1270 83.6465 6.7311
0.1280 83.4063 12.1956
0.1290 83.1647 19.3166
0.1300 82.9218 27.8546
0.1310 82.6776 37.3939
0.1320 82.4321 47.3718
0.1330 82.1853 57.1262
0.1340 81.9373 65.9581
0.1350 81.6880 73.2015
0.1360 81.4374 78.2914
0.1370 81.1856 80.8236
0.1380 80.9326 80.5974
0.1390 80.6784 77.6363
0.1400 80.4230 72.1852
0.1410 80.1664 64.6830
0.1420 79.9086 55.7155
0.1430 79.6497 45.9534
0.1440 79.3897 36.0836
0.1450 79.1285 26.7425
0.1460 78.8661 18.4574
0.1470 78.6027 11.6040
0.1480 78.3382 6.3841
0.1490 78.0726 2.8235
0.1500 77.8059 0.7904
0.1510 77.5382 0.0295
0.1520 77.2694 0.2075
0.1530 76.9996 0.9617
0.1540 76.7288 1.9469
0.1550 76.4570 2.8742
0.1560 76.1842 3.5369
0.1570 75.9104 3.8225
0.1580 75.6357 3.7108
0.1590 75.3600 3.2585
0.1600 75.0833 2.5761
0.1610 74.8058 1.8001
0.1620 74.5273 1.0653
0.1630 74.2479 0.4818
0.1640 73.9677 0.1193
0.1650 73.6866 0.0000
0.1660 73.4046 0.1007
0.1670 73.1217 0.3625
0.1680 72.8381 0.7053
0.1690 72.5536 1.0443
0.1700 72.2683 1.3060
0.1710 71.9823 1.4398
0.1720 71.6954 1.4254
0.1730 71.4078 1.2725
0.1740 71.1195 1.0169
0.1750 70.8304 0.7111
0.1760 70.5406 0.4130
0.1770 70.2500 0.1746
0.1780 69.9588 0.0327
0.1790 69.6669 0.0032
0.1800 69.3744 0.0797
0.1810 69.0811 0.2361
0.1820 68.7873 0.4330
0.1830 68.4928 0.6262
0.1840 68.1977 0.7750
0.1850 67.9020 0.8502
0.1860 67.6057 0.8385
0.1870 67.3088 0.7448
0.1880 67.0114 0.5894
0.1890 66.7135 0.4041
0.1900 66.4150 0.2250
0.1910 66.1160 0.0855
0.1920 65.8165 0.0099
0.1930 65.5165 0.0090
0.1940 65.2160 0.0788
0.1950 64.9150 0.2016
0.1960 64.6137 0.3498
0.1970 64.3118 0.4921
0.1980 64.0096 0.5993
0.1990 63.7069 0.6499
0.2000 63.4039 0.6345
0.2010 63.1005 0.5568
0.2020 62.7967 0.4332
0.2030 62.4926 0.2886
0.2040 62.1881 0.1519
0.2050 61.8833 0.0499
0.2060 61.5781 0.0022
0.2070 61.2727 0.0174
0.2080 60.9670 0.0916
0.2090 60.6611 0.2092
0.2100 60.3549 0.3460
0.2110 60.0484 0.4742
0.2120 59.7417 0.5679
0.2130 59.4348 0.6081
0.2140 59.1277 0.5866
0.2150 58.8204 0.5076
0.2160 58.5129 0.3870
0.2170 58.2052 0.2491
0.2180 57.8974 0.1223
0.2190 57.5895 0.0328
0.2200 57.2815 0.0000
0.2210 56.9733 0.0322
0.2220 56.6651 0.1249
0.2230 56.3567 0.2610
0.2240 56.0483 0.4149
0.2250 55.7399 0.5562
0.2260 55.4314 0.6568
0.2270 55.1228 0.6957
0.2280 54.8143 0.6641
0.2290 54.5058 0.5671
0.2300 54.1972 0.4235
0.2310 53.8887 0.2626
0.2320 53.5803 0.1184
0.2330 53.2718 0.0236
0.2340 52.9635 0.0025
0.2350 52.6552 0.0657
0.2360 52.3470 0.2077
0.2370 52.0389 0.4065
0.2380 51.7310 0.6276
0.2390 51.4231 0.8298
0.2400 51.1154 0.9728
0.2410 50.8079 1.0262
0.2420 50.5005 0.9756
0.2430 50.1933 0.8273
0.2440 49.8863 0.6084
0.2450 49.5795 0.3638
0.2460 49.2729 0.1487
0.2470 48.9665 0.0185
0.2480 48.6604 0.0182
0.2490 48.3546 0.1722
0.2500 48.0490 0.4771
0.2510 47.7437 0.8994
0.2520 47.4387 1.3780
0.2530 47.1339 1.8331
0.2540 46.8295 2.1791
0.2550 46.5255 2.3409
0.2560 46.2217 2.2705
0.2570 45.9184 1.9615
0.2580 45.6153 1.4592
0.2590 45.3127 0.8628
0.2600 45.0105 0.3205
0.2610 44.7086 0.0158
0.2620 44.4072 0.1469
0.2630 44.1062 0.9013
0.2640 43.8056 2.4290
0.2650 43.5055 4.8173
0.2660 43.2058 8.0720
0.2670 42.9066 12.1061
0.2680 42.6078 16.7402
0.2690 42.3096 21.7135
0.2700 42.0119 26.7052
0.2710 41.7147 31.3645
0.2720 41.4180 35.3448
0.2730 41.1219 38.3398
0.2740 40.8263 40.1148
0.2750 40.5312 40.5312
0.2760 40.2368 39.5610
0.2770 39.9429 37.2892
0.2780 39.6496 33.9031
0.2790 39.3569 29.6725
0.2800 39.0648 24.9198
0.2810 38.7734 19.9874
0.2820 38.4825 15.2032
0.2830 38.1924 10.8500
0.2840 37.9029 7.1423
0.2850 37.6140 4.2112
0.2860 37.3258 2.1011
0.2870 37.0384 0.7747
0.2880 36.7516 0.1281
0.2890 36.4655 0.0111
0.2900 36.1801 0.2508
0.2910 35.8955 0.6747
0.2920 35.6116 1.1310
0.2930 35.3284 1.5033
0.2940 35.0461 1.7190
0.2950 34.7644 1.7500
0.2960 34.4836 1.6084
0.2970 34.2035 1.3360
0.2980 33.9242 0.9920
0.2990 33.6458 0.6400
0.3000 33.3681 0.3362
0.3010 33.0913 0.1208
0.3020 32.8153 0.0132
0.3030 32.5401 0.0114
0.3040 32.2658 0.0951
0.3050 31.9924 0.2319
0.3060 31.7198 0.3840
0.3070 31.4481 0.5161
0.3080 31.1773 0.6012
0.3090 30.9073 0.6244
0.3100 30.6383 0.5843
0.3110 30.3702 0.4921
0.3120 30.1030 0.3677
0.3130 29.8367 0.2354
0.3140 29.5714 0.1192
0.3150 29.3070 0.0377
0.3160 29.0436 0.0016
0.3170 28.7811 0.0122
0.3180 28.5196 0.0618
0.3190 28.2591 0.1361
0.3200 27.9995 0.2173
0.3210 27.7409 0.2874
0.3220 27.4834 0.3324
0.3230 27.2268 0.3437
0.3240 26.9713 0.3203
0.3250 26.7168 0.2678
0.3260 26.4633 0.1973
0.3270 26.2108 0.1228
0.3280 25.9594 0.0582
0.3290 25.7090 0.0151
0.3300 25.4597 0.0000
0.3310 25.2114 0.0138
0.3320 24.9642 0.0518
0.3330 24.7181 0.1047
0.3340 24.4731 0.1608
0.3350 24.2292 0.2083
0.3360 23.9863 0.2376
0.3370 23.7446 0.2430
0.3380 23.5039 0.2240
0.3390 23.2644 0.1846
0.3400 23.0260 0.1330
0.3410 22.7887 0.0796
0.3420 22.5526 0.0346
0.3430 22.3176 0.0067
0.3440 22.0837 0.0007
0.3450 21.8510 0.0171
0.3460 21.6194 0.0520
0.3470 21.3890 0.0978
0.3480 21.1597 0.1451
0.3490 20.9316 0.1841
0.3500 20.7047 0.2069
0.3510 20.4790 0.2090
0.3520 20.2545 0.1901
0.3530 20.0311 0.1541
0.3540 19.8090 0.1082
0.3550 19.5880 0.0617
0.3560 19.3682 0.0240
0.3570 19.1497 0.0028
0.3580 18.9323 0.0026
0.3590 18.7162 0.0236
0.3600 18.5013 0.0618
0.3610 18.2876 0.1098
0.3620 18.0752 0.1581
0.3630 17.8640 0.1970
0.3640 17.6540 0.2187
0.3650 17.4453 0.2186
0.3660 17.2377 0.1965
0.3670 17.0315 0.1566
0.3680 16.8265 0.1069
0.3690 16.6228 0.0577
0.3700 16.4203 0.0194
0.3710 16.2190 0.0009
0.3720 16.0191 0.0071
0.3730 15.8204 0.0385
0.3740 15.6229 0.0903
0.3750 15.4268 0.1536
0.3760 15.2319 0.2166
0.3770 15.0383 0.2671
0.3780 14.8460 0.2948
0.3790 14.6549 0.2934
0.3800 14.4652 0.2622
0.3810 14.2767 0.2067
0.3820 14.0895 0.1378
0.3830 13.9036 0.0701
0.3840 13.7190 0.0195
0.3850 13.5358 0.0000
0.3860 13.3538 0.0207
0.3870 13.1731 0.0838
0.3880 12.9937 0.1834
0.3890 12.8156 0.3058
0.3900 12.6388 0.4311
0.3910 12.4633 0.5370
0.3920 12.2891 0.6020
0.3930 12.1162 0.6104
0.3940 11.9447 0.5561
0.3950 11.7744 0.4452
0.3960 11.6055 0.2975
0.3970 11.4379 0.1456
0.3980 11.2716 0.0318
0.3990 11.1066 0.0036
0.4000 10.9429 0.1074
0.4010 10.7805 0.3823
0.4020 10.6195 0.8536
0.4030 10.4597 1.5280
0.4040 10.3013 2.3910
0.4050 10.1442 3.4056
0.4060 9.9884 4.5155
0.4070 9.8340 5.6492
0.4080 9.6808 6.7270
0.4090 9.5290 7.6689
0.4100 9.3785 8.4028
0.4110 9.2293 8.8719
0.4120 9.0814 9.0406
0.4130 8.9348 8.8981
0.4140 8.7896 8.4590
0.4150 8.6456 7.7614
0.4160 8.5030 6.8624
0.4170 8.3617 5.8320
0.4180 8.2217 4.7454
0.4190 8.0830 3.6757
0.4200 7.9456 2.6871
0.4210 7.8096 1.8292
0.4220 7.6748 1.1342
0.4230 7.5414 0.6154
0.4240 7.4092 0.2685
0.4250 7.2784 0.0742
0.4260 7.1488 0.0028
0.4270 7.0206 0.0188
0.4280 6.8936 0.0859
0.4290 6.7680 0.1715
0.4300 6.6436 0.2496
0.4310 6.5206 0.3026
0.4320 6.3988 0.3222
0.4330 6.2783 0.3081
0.4340 6.1591 0.2664
0.4350 6.0412 0.2074
0.4360 5.9246 0.1427
0.4370 5.8093 0.0832
0.4380 5.6952 0.0370
0.4390 5.5824 0.0090
0.4400 5.4709 0.0000
0.4410 5.3607 0.0073
0.4420 5.2517 0.0260
0.4430 5.1440 0.0497
0.4440 5.0375 0.0725
0.4450 4.9323 0.0891
0.4460 4.8284 0.0966
0.4470 4.7257 0.0940
0.4480 4.6243 0.0824
0.4490 4.5241 0.0647
0.4500 4.4252 0.0445
0.4510 4.3275 0.0254
0.4520 4.2310 0.0105
0.4530 4.1358 0.0019
0.4540 4.0418 0.0002
0.4550 3.9490 0.0045
0.4560 3.8575 0.0132
0.4570 3.7671 0.0237
0.4580 3.6780 0.0336
0.4590 3.5901 0.0408
0.4600 3.5034 0.0439
0.4610 3.4179 0.0424
0.4620 3.3336 0.0369
0.4630 3.2506 0.0286
0.4640 3.1686 0.0192
0.4650 3.0879 0.0105
0.4660 3.0084 0.0039
0.4670 2.9300 0.0004
0.4680 2.8529 0.0004
0.4690 2.7768 0.0033
0.4700 2.7020 0.0084
0.4710 2.6283 0.0142
0.4720 2.5558 0.0195
0.4730 2.4844 0.0233
0.4740 2.4142 0.0246
0.4750 2.3451 0.0235
0.4760 2.2771 0.0201
0.4770 2.2103 0.0153
0.4780 2.1446 0.0099
0.4790 2.0800 0.0051
0.4800 2.0165 0.0016
0.4810 1.9542 0.0001
0.4820 1.8930 0.0005
0.4830 1.8328 0.0027
0.4840 1.7738 0.0061
0.4850 1.7158 0.0098
0.4860 1.6589 0.0131
0.4870 1.6032 0.0152
0.4880 1.5484 0.0158
0.4890 1.4948 0.0148
0.4900 1.4422 0.0125
0.4910 1.3907 0.0092
0.4920 1.3402 0.0057
0.4930 1.2908 0.0027
0.4940 1.2424 0.0007
0.4950 1.1951 0.0000
0.4960 1.1487 0.0006
0.4970 1.1034 0.0024
0.4980 1.0591 0.0049
0.4990 1.0159 0.0075
0.5000 0.9736 0.0097
0.5010 0.9323 0.0110
0.5020 0.8921 0.0113
0.5030 0.8528 0.0103
0.5040 0.8145 0.0085
0.5050 0.7772 0.0061
0.5060 0.7408 0.0036
0.5070 0.7054 0.0016
0.5080 0.6710 0.0003
0.5090 0.6375 0.0000
0.5100 0.6049 0.0008
0.5110 0.5733 0.0023
0.5120 0.5426 0.0042
0.5130 0.5129 0.0062
0.5140 0.4840 0.0078
0.5150 0.4561 0.0087
0.5160 0.4291 0.0087
0.5170 0.4029 0.0078
0.5180 0.3777 0.0062
0.5190 0.3534 0.0043
0.5200 0.3299 0.0024
0.5210 0.3073 0.0009
0.5220 0.2855 0.0001
0.5230 0.2647 0.0001
0.5240 0.2446 0.0009
0.5250 0.2255 0.0022
0.5260 0.2071 0.0039
0.5270 0.1896 0.0055
0.5280 0.1729 0.0067
0.5290 0.1570 0.0073
0.5300 0.1420 0.0071
0.5310 0.1277 0.0063
0.5320 0.1142 0.0049
0.5330 0.1016 0.0033
0.5340 0.0897 0.0017
0.5350 0.0786 0.0006
0.5360 0.0682 0.0000
0.5370 0.0586 0.0002
0.5380 0.0498 0.0010
0.5390 0.0417 0.0023
0.5400 0.0343 0.0038
0.5410 0.0277 0.0052
0.5420 0.0218 0.0062
0.5430 0.0167 0.0065
0.5440 0.0122 0.0063
0.5450 0.0085 0.0054
0.5460 0.0054 0.0041
0.5470 0.0030 0.0026
0.5480 0.0013 0.0013
0.5490 0.0003 0.0003
0.5500 0.0000 0.0000
0.5510 0.0003 0.0003
0.5520 0.0013 0.0012
0.5530 0.0029 0.0025
0.5540 0.0052 0.0039
0.5550 0.0081 0.0052
0.5560 0.0116 0.0060
0.5570 0.0157 0.0062
0.5580 0.0205 0.0058
0.5590 0.0258 0.0049
0.5600 0.0318 0.0036
0.5610 0.0383 0.0022
0.5620 0.0454 0.0010
0.5630 0.0531 0.0002
0.5640 0.0614 0.0000
0.5650 0.0702 0.0005
0.5660 0.0796 0.0015
0.5670 0.0895 0.0028
0.5680 0.0999 0.0042
0.5690 0.1109 0.0054
0.5700 0.1224 0.0062
0.5710 0.1345 0.0063
0.5720 0.1470 0.0057
0.5730 0.1600 0.0047
0.5740 0.1735 0.0033
0.5750 0.1876 0.0019
0.5760 0.2021 0.0007
0.5770 0.2170 0.0001
0.5780 0.2325 0.0001
0.5790 0.2484 0.0007
0.5800 0.2647 0.0019
0.5810 0.2815 0.0034
0.5820 0.2987 0.0049
0.5830 0.3164 0.0061
0.5840 0.3345 0.0068
0.5850 0.3530 0.0067
0.5860 0.3719 0.0060
0.5870 0.3912 0.0048
0.5880 0.4109 0.0032
0.5890 0.4310 0.0017
0.5900 0.4514 0.0006
0.5910 0.4723 0.0000
0.5920 0.4935 0.0002
0.5930 0.5150 0.0011
0.5940 0.5369 0.0026
0.5950 0.5592 0.0043
0.5960 0.5818 0.0060
0.5970 0.6047 0.0073
0.5980 0.6280 0.0079
0.5990 0.6516 0.0077
0.6000 0.6754 0.0068
0.6010 0.6996 0.0052
0.6020 0.7241 0.0034
0.6030 0.7489 0.0017
0.6040 0.7739 0.0005
0.6050 0.7993 0.0000
0.6060 0.8249 0.0004
0.6070 0.8507 0.0018
0.6080 0.8768 0.0037
0.6090 0.9032 0.0059
0.6100 0.9298 0.0080
0.6110 0.9567 0.0095
0.6120 0.9837 0.0101
0.6130 1.0110 0.0096
0.6140 1.0386 0.0082
0.6150 1.0663 0.0062
0.6160 1.0942 0.0038
0.6170 1.1223 0.0017
0.6180 1.1506 0.0003
0.6190 1.1791 0.0000
0.6200 1.2078 0.0009
0.6210 1.2367 0.0030
0.6220 1.2657 0.0058
0.6230 1.2948 0.0089
0.6240 1.3242 0.0116
0.6250 1.3536 0.0135
0.6260 1.3832 0.0141
0.6270 1.4130 0.0133
0.6280 1.4428 0.0111
0.6290 1.4728 0.0081
0.6300 1.5029 0.0047
0.6310 1.5331 0.0019
0.6320 1.5634 0.0002
0.6330 1.5939 0.0002
0.6340 1.6244 0.0020
0.6350 1.6549 0.0055
0.6360 1.6856 0.0101
0.6370 1.7163 0.0150
0.6380 1.7471 0.0193
0.6390 1.7780 0.0220
0.6400 1.8089 0.0227
0.6410 1.8399 0.0210
0.6420 1.8709 0.0172
0.6430 1.9020 0.0121
0.6440 1.9330 0.0067
0.6450 1.9642 0.0023
0.6460 1.9953 0.0001
0.6470 2.0265 0.0009
0.6480 2.0576 0.0050
0.6490 2.0888 0.0120
0.6500 2.1200 0.0211
0.6510 2.1511 0.0306
0.6520 2.1823 0.0387
0.6530 2.2134 0.0439
0.6540 2.2445 0.0449
0.6550 2.2756 0.0413
0.6560 2.3067 0.0334
0.6570 2.3377 0.0229
0.6580 2.3687 0.0120
0.6590 2.3996 0.0034
0.6600 2.4305 0.0000
0.6610 2.4613 0.0038
0.6620 2.4921 0.0158
0.6630 2.5228 0.0355
0.6640 2.5534 0.0608
0.6650 2.5840 0.0881
0.6660 2.6145 0.1126
0.6670 2.6449 0.1295
0.6680 2.6752 0.1348
0.6690 2.7054 0.1260
0.6700 2.7355 0.1035
0.6710 2.7655 0.0710
0.6720 2.7954 0.0357
0.6730 2.8252 0.0080
0.6740 2.8548 0.0009
0.6750 2.8844 0.0281
0.6760 2.9138 0.1030
0.6770 2.9431 0.2360
0.6780 2.9723 0.4334
0.6790 3.0013 0.6956
0.6800 3.0302 1.0161
0.6810 3.0589 1.3815
0.6820 3.0875 1.7723
0.6830 3.1159 2.1639
0.6840 3.1442 2.5293
0.6850 3.1723 2.8414
0.6860 3.2003 3.0758
0.6870 3.2280 3.2133
0.6880 3.2557 3.2425
0.6890 3.2831 3.1602
0.6900 3.3103 2.9727
0.6910 3.3374 2.6947
0.6920 3.3643 2.3479
0.6930 3.3910 1.9587
0.6940 3.4175 1.5556
0.6950 3.4438 1.1660
0.6960 3.4699 0.8139
0.6970 3.4958 0.5176
0.6980 3.5215 0.2881
0.6990 3.5470 0.1290
0.7000 3.5722 0.0366
0.7010 3.5973 0.0014
0.7020 3.6221 0.0096
0.7030 3.6467 0.0453
0.7040 3.6711 0.0929
0.7050 3.6953 0.1387
0.7060 3.7192 0.1725
0.7070 3.7429 0.1884
0.7080 3.7663 0.1849
0.7090 3.7896 0.1640
0.7100 3.8125 0.1310
0.7110 3.8353 0.0925
0.7120 3.8577 0.0553
0.7130 3.8800 0.0253
0.7140 3.9019 0.0064
0.7150 3.9237 0.0000
0.7160 3.9451 0.0054
0.7170 3.9664 0.0196
0.7180 3.9873 0.0385
0.7190 4.0080 0.0576
0.7200 4.0284 0.0727
0.7210 4.0485 0.0810
0.7220 4.0684 0.0809
0.7230 4.0880 0.0729
0.7240 4.1074 0.0588
0.7250 4.1264 0.0415
0.7260 4.1452 0.0244
0.7270 4.1637 0.0104
0.7280 4.1819 0.0020
0.7290 4.1998 0.0002
0.7300 4.2175 0.0048
0.7310 4.2349 0.0144
0.7320 4.2519 0.0267
0.7330 4.2687 0.0390
0.7340 4.2852 0.0487
0.7350 4.3014 0.0538
0.7360 4.3173 0.0536
0.7370 4.3329 0.0480
0.7380 4.3482 0.0383
0.7390 4.3632 0.0265
0.7400 4.3779 0.0149
0.7410 4.3924 0.0057
0.7420 4.4065 0.0007
0.7430 4.4203 0.0006
0.7440 4.4338 0.0053
0.7450 4.4470 0.0137
0.7460 4.4599 0.0241
0.7470 4.4724 0.0342
0.7480 4.4847 0.0419
0.7490 4.4967 0.0459
0.7500 4.5083 0.0451
0.7510 4.5197 0.0399
0.7520 4.5307 0.0313
0.7530 4.5415 0.0210
0.7540 4.5519 0.0112
0.7550 4.5620 0.0037
0.7560 4.5718 0.0002
0.7570 4.5812 0.0013
0.7580 4.5904 0.0069
0.7590 4.5992 0.0158
0.7600 4.6078 0.0263
0.7610 4.6160 0.0364
0.7620 4.6239 0.0439
0.7630 4.6315 0.0474
0.7640 4.6387 0.0460
0.7650 4.6457 0.0401
0.7660 4.6523 0.0308
0.7670 4.6587 0.0200
0.7680 4.6647 0.0099
0.7690 4.6704 0.0027
0.7700 4.6757 0.0000
0.7710 4.6808 0.0026
0.7720 4.6855 0.0103
0.7730 4.6900 0.0216
0.7740 4.6941 0.0347
0.7750 4.6979 0.0468
0.7760 4.7013 0.0557
0.7770 4.7045 0.0594
0.7780 4.7074 0.0571
0.7790 4.7099 0.0491
0.7800 4.7121 0.0369
0.7810 4.7141 0.0231
0.7820 4.7157 0.0105
0.7830 4.7170 0.0021
0.7840 4.7179 0.0002
0.7850 4.7186 0.0058
0.7860 4.7190 0.0186
0.7870 4.7190 0.0367
0.7880 4.7188 0.0571
0.7890 4.7182 0.0760
0.7900 4.7174 0.0897
0.7910 4.7162 0.0953
0.7920 4.7147 0.0911
0.7930 4.7129 0.0778
0.7940 4.7108 0.0576
0.7950 4.7085 0.0347
0.7960 4.7058 0.0143
0.7970 4.7028 0.0018
0.7980 4.6995 0.0017
0.7990 4.6960 0.0166
0.8000 4.6921 0.0463
0.8010 4.6879 0.0880
0.8020 4.6835 0.1357
0.8030 4.6787 0.1817
0.8040 4.6737 0.2173
0.8050 4.6683 0.2348
0.8060 4.6627 0.2292
0.8070 4.6568 0.1992
0.8080 4.6506 0.1492
0.8090 4.6441 0.0889
0.8100 4.6374 0.0334
0.8110 4.6304 0.0017
0.8120 4.6230 0.0150
0.8130 4.6155 0.0935
0.8140 4.6076 0.2540
0.8150 4.5994 0.5072
0.8160 4.5910 0.8549
0.8170 4.5823 1.2896
0.8180 4.5734 1.7931
0.8190 4.5642 2.3384
0.8200 4.5547 2.8913
0.8210 4.5449 3.4137
0.8220 4.5349 3.8670
0.8230 4.5247 4.2165
0.8240 4.5141 4.4344
0.8250 4.5033 4.5033
0.8260 4.4923 4.4179
0.8270 4.4810 4.1854
0.8280 4.4695 3.8246
0.8290 4.4577 3.3642
0.8300 4.4456 2.8397
0.8310 4.4334 2.2892
0.8320 4.4208 1.7502
0.8330 4.4081 1.2555
0.8340 4.3951 0.8309
0.8350 4.3818 0.4926
0.8360 4.3684 0.2473
0.8370 4.3547 0.0919
0.8380 4.3407 0.0154
0.8390 4.3266 0.0012
0.8400 4.3122 0.0296
0.8410 4.2976 0.0804
0.8420 4.2828 0.1356
0.8430 4.2677 0.1813
0.8440 4.2525 0.2085
0.8450 4.2370 0.2133
0.8460 4.2213 0.1971
0.8470 4.2054 0.1645
0.8480 4.1893 0.1228
0.8490 4.1730 0.0797
0.8500 4.1565 0.0421
0.8510 4.1398 0.0153
0.8520 4.1229 0.0017
0.8530 4.1058 0.0014
0.8540 4.0886 0.0120
0.8550 4.0711 0.0294
0.8560 4.0534 0.0489
0.8570 4.0356 0.0661
0.8580 4.0175 0.0774
0.8590 3.9993 0.0808
0.8600 3.9810 0.0760
0.8610 3.9624 0.0643
0.8620 3.9437 0.0483
0.8630 3.9248 0.0311
0.8640 3.9057 0.0158
0.8650 3.8865 0.0051
0.8660 3.8671 0.0002
0.8670 3.8476 0.0016
0.8680 3.8279 0.0082
0.8690 3.8080 0.0183
0.8700 3.7880 0.0293
0.8710 3.7679 0.0390
0.8720 3.7476 0.0453
0.8730 3.7271 0.0471
0.8740 3.7065 0.0440
0.8750 3.6858 0.0370
0.8760 3.6650 0.0274
0.8770 3.6440 0.0171
0.8780 3.6229 0.0082
0.8790 3.6016 0.0021
0.8800 3.5803 0.0000
0.8810 3.5588 0.0019
0.8820 3.5372 0.0073
0.8830 3.5155 0.0148
0.8840 3.4937 0.0229
0.8850 3.4717 0.0298
0.8860 3.4497 0.0341
0.8870 3.4275 0.0351
0.8880 3.4053 0.0325
0.8890 3.3829 0.0269
0.8900 3.3605 0.0195
0.8910 3.3379 0.0117
0.8920 3.3153 0.0051
0.8930 3.2926 0.0010
0.8940 3.2698 0.0001
0.8950 3.2469 0.0025
0.8960 3.2239 0.0077
0.8970 3.2009 0.0146
0.8980 3.1778 0.0217
0.8990 3.1546 0.0277
0.9000 3.1313 0.0313
0.9010 3.1080 0.0317
0.9020 3.0846 0.0290
0.9030 3.0612 0.0236
0.9040 3.0377 0.0166
0.9050 3.0141 0.0095
0.9060 2.9905 0.0037
0.9070 2.9668 0.0005
0.9080 2.9431 0.0004
0.9090 2.9194 0.0036
0.9100 2.8956 0.0096
0.9110 2.8717 0.0172
0.9120 2.8479 0.0249
0.9130 2.8240 0.0311
0.9140 2.8000 0.0347
0.9150 2.7761 0.0348
0.9160 2.7521 0.0314
0.9170 2.7281 0.0251
0.9180 2.7041 0.0172
0.9190 2.6800 0.0094
0.9200 2.6560 0.0032
0.9210 2.6319 0.0001
0.9220 2.6078 0.0011
0.9230 2.5837 0.0062
0.9240 2.5596 0.0147
0.9250 2.5355 0.0252
0.9260 2.5114 0.0356
0.9270 2.4874 0.0441
0.9280 2.4633 0.0489
0.9290 2.4392 0.0488
0.9300 2.4151 0.0438
0.9310 2.3911 0.0347
0.9320 2.3671 0.0232
0.9330 2.3430 0.0119
0.9340 2.3191 0.0033
0.9350 2.2951 0.0000
0.9360 2.2711 0.0035
0.9370 2.2472 0.0142
0.9380 2.2234 0.0312
0.9390 2.1995 0.0523
0.9400 2.1757 0.0741
0.9410 2.1519 0.0926
0.9420 2.1282 0.1042
0.9430 2.1045 0.1060
0.9440 2.0809 0.0970
0.9450 2.0573 0.0779
0.9460 2.0337 0.0523
0.9470 2.0102 0.0258
0.9480 1.9868 0.0057
0.9490 1.9634 0.0006
0.9500 1.9401 0.0188
0.9510 1.9169 0.0675
0.9520 1.8937 0.1515
0.9530 1.8706 0.2723
0.9540 1.8475 0.4276
0.9550 1.8245 0.6111
0.9560 1.8016 0.8129
0.9570 1.7788 1.0203
0.9580 1.7560 1.2188
0.9590 1.7333 1.3937
0.9600 1.7107 1.5318
0.9610 1.6882 1.6223
0.9620 1.6658 1.6581
0.9630 1.6435 1.6369
0.9640 1.6212 1.5608
0.9650 1.5991 1.4364
0.9660 1.5770 1.2739
0.9670 1.5550 1.0859
0.9680 1.5332 0.8863
0.9690 1.5114 0.6886
0.9700 1.4898 0.5050
0.9710 1.4682 0.3449
0.9720 1.4467 0.2146
0.9730 1.4254 0.1169
0.9740 1.4042 0.0512
0.9750 1.3830 0.0143
0.9760 1.3620 0.0006
0.9770 1.3411 0.0035
0.9780 1.3204 0.0163
0.9790 1.2997 0.0328
0.9800 1.2792 0.0480
0.9810 1.2587 0.0584
0.9820 1.2385 0.0623
0.9830 1.2183 0.0598
0.9840 1.1982 0.0519
0.9850 1.1783 0.0405
0.9860 1.1586 0.0280
0.9870 1.1389 0.0164
0.9880 1.1194 0.0073
0.9890 1.1000 0.0018
0.9900 1.0808 0.0000
0.9910 1.0617 0.0014
0.9920 1.0427 0.0051
0.9930 1.0239 0.0099
0.9940 1.0052 0.0144
0.9950 0.9867 0.0178
0.9960 0.9683 0.0194
0.9970 0.9500 0.0189
0.9980 0.9319 0.0166
0.9990 0.9140 0.0131
1.0000 0.8962 0.0090
