0.000000 -46.619865
0.000159 -46.619862
0.000318 -46.619850
0.000477 -46.619827
0.000637 -46.619801
0.000796 -46.619766
0.000955 -46.619724
0.001114 -46.619675
0.001273 -46.619617
0.001432 -46.619553
0.001592 -46.619480
0.001751 -46.619396
0.001910 -46.619308
0.002069 -46.619213
0.002228 -46.619106
0.002387 -46.618996
0.002546 -46.618877
0.002706 -46.618748
0.002865 -46.618614
0.003024 -46.618469
0.003183 -46.618320
0.003342 -46.618160
0.003501 -46.617996
0.003661 -46.617821
0.003820 -46.617641
0.003979 -46.617451
0.004138 -46.617252
0.004297 -46.617050
0.004456 -46.616837
0.004615 -46.616619
0.004775 -46.616390
0.004934 -46.616154
0.005093 -46.615910
0.005252 -46.615658
0.005411 -46.615398
0.005570 -46.615135
0.005730 -46.614861
0.005889 -46.614578
0.006048 -46.614288
0.006207 -46.613991
0.006366 -46.613686
0.006525 -46.613373
0.006685 -46.613052
0.006844 -46.612724
0.007003 -46.612389
0.007162 -46.612045
0.007321 -46.611691
0.007480 -46.611332
0.007639 -46.610966
0.007799 -46.610588
0.007958 -46.610207
0.008117 -46.609818
0.008276 -46.609421
0.008435 -46.609013
0.008594 -46.608601
0.008754 -46.608177
0.008913 -46.607750
0.009072 -46.607311
0.009231 -46.606869
0.009390 -46.606415
0.009549 -46.605957
0.009708 -46.605488
0.009868 -46.605011
0.010027 -46.604530
0.010186 -46.604038
0.010345 -46.603539
0.010504 -46.603031
0.010663 -46.602516
0.010823 -46.601997
0.010982 -46.601467
0.011141 -46.600929
0.011300 -46.600384
0.011459 -46.599831
0.011618 -46.599270
0.011777 -46.598698
0.011937 -46.598122
0.012096 -46.597538
0.012255 -46.596947
0.012414 -46.596348
0.012573 -46.595737
0.012732 -46.595123
0.012892 -46.594498
0.013051 -46.593868
0.013210 -46.593227
0.013369 -46.592583
0.013528 -46.591927
0.013687 -46.591267
0.013846 -46.590595
0.014006 -46.589916
0.014165 -46.589233
0.014324 -46.588539
0.014483 -46.587837
0.014642 -46.587128
0.014801 -46.586411
0.014961 -46.585686
0.015120 -46.584953
0.015279 -46.584213
0.015438 -46.583466
0.015597 -46.582710
0.015756 -46.581947
0.015915 -46.581173
0.016075 -46.580395
0.016234 -46.579609
0.016393 -46.578812
0.016552 -46.578011
0.016711 -46.577198
0.016870 -46.576382
0.017030 -46.575554
0.017189 -46.574718
0.017348 -46.573875
0.017507 -46.573029
0.017666 -46.572170
0.017825 -46.571304
0.017985 -46.570431
0.018144 -46.569550
0.018303 -46.568661
0.018462 -46.567764
0.018621 -46.566860
0.018780 -46.565945
0.018939 -46.565025
0.019099 -46.564095
0.019258 -46.563160
0.019417 -46.562214
0.019576 -46.561264
0.019735 -46.560303
0.019894 -46.559338
0.020054 -46.558361
0.020213 -46.557377
0.020372 -46.556385
0.020531 -46.555386
0.020690 -46.554379
0.020849 -46.553364
0.021008 -46.552338
0.021168 -46.551308
0.021327 -46.550270
0.021486 -46.549221
0.021645 -46.548168
0.021804 -46.547104
0.021963 -46.546036
0.022123 -46.544956
0.022282 -46.543869
0.022441 -46.542774
0.022600 -46.541672
0.022759 -46.540562
0.022918 -46.539444
0.023077 -46.538319
0.023237 -46.537186
0.023396 -46.536041
0.023555 -46.534893
0.023714 -46.533733
0.023873 -46.532570
0.024032 -46.531395
0.024192 -46.530212
0.024351 -46.529022
0.024510 -46.527824
0.024669 -46.526619
0.024828 -46.525406
0.024987 -46.524185
0.025147 -46.522957
0.025306 -46.521717
0.025465 -46.520473
0.025624 -46.519218
0.025783 -46.517956
0.025942 -46.516689
0.026101 -46.515411
0.026261 -46.514126
0.026420 -46.512833
0.026579 -46.511528
0.026738 -46.510220
0.026897 -46.508904
0.027056 -46.507576
0.027216 -46.506245
0.027375 -46.504902
0.027534 -46.503551
0.027693 -46.502193
0.027852 -46.500828
0.028011 -46.499454
0.028170 -46.498074
0.028330 -46.496681
0.028489 -46.495285
0.028648 -46.493877
0.028807 -46.492466
0.028966 -46.491043
0.029125 -46.489613
0.029285 -46.488174
0.029444 -46.486729
0.029603 -46.485275
0.029762 -46.483810
0.029921 -46.482342
0.030080 -46.480862
0.030239 -46.479374
0.030399 -46.477879
0.030558 -46.476376
0.030717 -46.474865
0.030876 -46.473347
0.031035 -46.471817
0.031194 -46.470284
0.031354 -46.468739
0.031513 -46.467190
0.031672 -46.465630
0.031831 -46.464062
0.031990 -46.462486
0.032149 -46.460899
0.032308 -46.459309
0.032468 -46.457706
0.032627 -46.456097
0.032786 -46.454479
0.032945 -46.452854
0.033104 -46.451221
0.033263 -46.449581
0.033423 -46.447933
0.033582 -46.446274
0.033741 -46.444607
0.033900 -46.442932
0.034059 -46.441250
0.034218 -46.439560
0.034378 -46.437862
0.034537 -46.436153
0.034696 -46.434437
0.034855 -46.432716
0.035014 -46.430984
0.035173 -46.429245
0.035332 -46.427494
0.035492 -46.425739
0.035651 -46.423973
0.035810 -46.422203
0.035969 -46.420422
0.036128 -46.418629
0.036287 -46.416832
0.036447 -46.415028
0.036606 -46.413212
0.036765 -46.411388
0.036924 -46.409557
0.037083 -46.407719
0.037242 -46.405872
0.037401 -46.404015
0.037561 -46.402149
0.037720 -46.400280
0.037879 -46.398399
0.038038 -46.396511
0.038197 -46.394611
0.038356 -46.392704
0.038516 -46.390793
0.038675 -46.388870
0.038834 -46.386936
0.038993 -46.384998
0.039152 -46.383053
0.039311 -46.381096
0.039470 -46.379131
0.039630 -46.377159
0.039789 -46.375175
0.039948 -46.373188
0.040107 -46.371189
0.040266 -46.369183
0.040425 -46.367168
0.040585 -46.365147
0.040744 -46.363113
0.040903 -46.361073
0.041062 -46.359024
0.041221 -46.356968
0.041380 -46.354904
0.041539 -46.352829
0.041699 -46.350746
0.041858 -46.348656
0.042017 -46.346558
0.042176 -46.344452
0.042335 -46.342335
0.042494 -46.340210
0.042654 -46.338078
0.042813 -46.335934
0.042972 -46.333786
0.043131 -46.331627
0.043290 -46.329456
0.043449 -46.327282
0.043608 -46.325100
0.043768 -46.322906
0.043927 -46.320705
0.044086 -46.318493
0.044245 -46.316277
0.044404 -46.314049
0.044563 -46.311813
0.044723 -46.309570
0.044882 -46.307316
0.045041 -46.305058
0.045200 -46.302784
0.045359 -46.300507
0.045518 -46.298222
0.045677 -46.295925
0.045837 -46.293621
0.045996 -46.291306
0.046155 -46.288986
0.046314 -46.286655
0.046473 -46.284317
0.046632 -46.281971
0.046792 -46.279613
0.046951 -46.277248
0.047110 -46.274876
0.047269 -46.272491
0.047428 -46.270103
0.047587 -46.267704
0.047746 -46.265293
0.047906 -46.262878
0.048065 -46.260452
0.048224 -46.258015
0.048383 -46.255573
0.048542 -46.253120
0.048701 -46.250660
0.048861 -46.248192
0.049020 -46.245712
0.049179 -46.243225
0.049338 -46.240730
0.049497 -46.238224
0.049656 -46.235714
0.049815 -46.233189
0.049975 -46.230659
0.050134 -46.228119
0.050293 -46.225571
0.050452 -46.223015
0.050611 -46.220448
0.050770 -46.217873
0.050929 -46.215286
0.051089 -46.212696
0.051248 -46.210094
0.051407 -46.207481
0.051566 -46.204865
0.051725 -46.202236
0.051884 -46.199596
0.052044 -46.196953
0.052203 -46.194298
0.052362 -46.191631
0.052521 -46.188961
0.052680 -46.186279
0.052839 -46.183586
0.052998 -46.180889
0.053158 -46.178177
0.053317 -46.175461
0.053476 -46.172733
0.053635 -46.169998
0.053794 -46.167255
0.053953 -46.164501
0.054113 -46.161739
0.054272 -46.158966
0.054431 -46.156185
0.054590 -46.153397
0.054749 -46.150597
0.054908 -46.147789
0.055067 -46.144970
0.055227 -46.142147
0.055386 -46.139313
0.055545 -46.136467
0.055704 -46.133614
0.055863 -46.130753
0.056022 -46.127880
0.056182 -46.125000
0.056341 -46.122108
0.056500 -46.119209
0.056659 -46.116302
0.056818 -46.113384
0.056977 -46.110458
0.057136 -46.107525
0.057296 -46.104580
0.057455 -46.101624
0.057614 -46.098663
0.057773 -46.095688
0.057932 -46.092709
0.058091 -46.089718
0.058251 -46.086716
0.058410 -46.083710
0.058569 -46.080688
0.058728 -46.077663
0.058887 -46.074623
0.059046 -46.071579
0.059205 -46.068523
0.059365 -46.065456
0.059524 -46.062386
0.059683 -46.059299
0.059842 -46.056206
0.060001 -46.053104
0.060160 -46.049992
0.060320 -46.046871
0.060479 -46.043743
0.060638 -46.040604
0.060797 -46.037453
0.060956 -46.034294
0.061115 -46.031128
0.061274 -46.027950
0.061434 -46.024761
0.061593 -46.021568
0.061752 -46.018360
0.061911 -46.015144
0.062070 -46.011921
0.062229 -46.008686
0.062388 -46.005444
0.062548 -46.002190
0.062707 -45.998928
0.062866 -45.995655
0.063025 -45.992374
0.063184 -45.989082
0.063343 -45.985783
0.063503 -45.982471
0.063662 -45.979153
0.063821 -45.975822
0.063980 -45.972485
0.064139 -45.969135
0.064298 -45.965778
0.064457 -45.962410
0.064617 -45.959030
0.064776 -45.955647
0.064935 -45.952248
0.065094 -45.948841
0.065253 -45.945423
0.065412 -45.942001
0.065572 -45.938564
0.065731 -45.935120
0.065890 -45.931664
0.066049 -45.928200
0.066208 -45.924725
0.066367 -45.921242
0.066526 -45.917747
0.066686 -45.914242
0.066845 -45.910728
0.067004 -45.907204
0.067163 -45.903671
0.067322 -45.900127
0.067481 -45.896576
0.067641 -45.893013
0.067800 -45.889442
0.067959 -45.885860
0.068118 -45.882267
0.068277 -45.878662
0.068436 -45.875050
0.068595 -45.871429
0.068755 -45.867798
0.068914 -45.864155
0.069073 -45.860504
0.069232 -45.856842
0.069391 -45.853168
0.069550 -45.849487
0.069710 -45.845798
0.069869 -45.842094
0.070028 -45.838383
0.070187 -45.834660
0.070346 -45.830929
0.070505 -45.827187
0.070664 -45.823437
0.070824 -45.819672
0.070983 -45.815903
0.071142 -45.812119
0.071301 -45.808327
0.071460 -45.804523
0.071619 -45.800713
0.071779 -45.796886
0.071938 -45.793056
0.072097 -45.789211
0.072256 -45.785358
0.072415 -45.781494
0.072574 -45.777618
0.072733 -45.773735
0.072893 -45.769840
0.073052 -45.765938
0.073211 -45.762020
0.073370 -45.758099
0.073529 -45.754162
0.073688 -45.750217
0.073848 -45.746258
0.074007 -45.742294
0.074166 -45.738316
0.074325 -45.734329
0.074484 -45.730331
0.074643 -45.726322
0.074802 -45.722305
0.074962 -45.718273
0.075121 -45.714237
0.075280 -45.710186
0.075439 -45.706127
0.075598 -45.702053
0.075757 -45.697975
0.075916 -45.693882
0.076076 -45.689781
0.076235 -45.685665
0.076394 -45.681545
0.076553 -45.677410
0.076712 -45.673264
0.076871 -45.669109
0.077031 -45.664944
0.077190 -45.660770
0.077349 -45.656582
0.077508 -45.652382
0.077667 -45.648174
0.077826 -45.643955
0.077985 -45.639729
0.078145 -45.635487
0.078304 -45.631237
0.078463 -45.626972
0.078622 -45.622700
0.078781 -45.618416
0.078940 -45.614124
0.079100 -45.609818
0.079259 -45.605503
0.079418 -45.601177
0.079577 -45.596840
0.079736 -45.592491
0.079895 -45.588131
0.080054 -45.583763
0.080214 -45.579380
0.080373 -45.574989
0.080532 -45.570587
0.080691 -45.566174
0.080850 -45.561749
0.081009 -45.557312
0.081169 -45.552868
0.081328 -45.548409
0.081487 -45.543941
0.081646 -45.539459
0.081805 -45.534969
0.081964 -45.530468
0.082123 -45.525955
0.082283 -45.521431
0.082442 -45.516895
0.082601 -45.512348
0.082760 -45.507793
0.082919 -45.503223
0.083078 -45.498642
0.083238 -45.494053
0.083397 -45.489449
0.083556 -45.484837
0.083715 -45.480213
0.083874 -45.475574
0.084033 -45.470928
0.084192 -45.466270
0.084352 -45.461601
0.084511 -45.456917
0.084670 -45.452225
0.084829 -45.447521
0.084988 -45.442806
0.085147 -45.438080
0.085307 -45.433342
0.085466 -45.428593
0.085625 -45.423832
0.085784 -45.419060
0.085943 -45.414272
0.086102 -45.409477
0.086261 -45.404671
0.086421 -45.399853
0.086580 -45.395023
0.086739 -45.390179
0.086898 -45.385326
0.087057 -45.380463
0.087216 -45.375587
0.087376 -45.370697
0.087535 -45.365795
0.087694 -45.360886
0.087853 -45.355961
0.088012 -45.351028
0.088171 -45.346081
0.088330 -45.341122
0.088490 -45.336151
0.088649 -45.331169
0.088808 -45.326176
0.088967 -45.321171
0.089126 -45.316151
0.089285 -45.311123
0.089444 -45.306080
0.089604 -45.301025
0.089763 -45.295959
0.089922 -45.290886
0.090081 -45.285793
0.090240 -45.280693
0.090399 -45.275581
0.090559 -45.270454
0.090718 -45.265316
0.090877 -45.260170
0.091036 -45.255005
0.091195 -45.249832
0.091354 -45.244648
0.091513 -45.239449
0.091673 -45.234238
0.091832 -45.229015
0.091991 -45.223782
0.092150 -45.218536
0.092309 -45.213276
0.092468 -45.208004
0.092628 -45.202721
0.092787 -45.197426
0.092946 -45.192120
0.093105 -45.186798
0.093264 -45.181465
0.093423 -45.176121
0.093582 -45.170761
0.093742 -45.165390
0.093901 -45.160007
0.094060 -45.154613
0.094219 -45.149208
0.094378 -45.143787
0.094537 -45.138355
0.094697 -45.132908
0.094856 -45.127453
0.095015 -45.121983
0.095174 -45.116497
0.095333 -45.111000
0.095492 -45.105495
0.095651 -45.099972
0.095811 -45.094440
0.095970 -45.088894
0.096129 -45.083332
0.096288 -45.077763
0.096447 -45.072178
0.096606 -45.066578
0.096766 -45.060970
0.096925 -45.055347
0.097084 -45.049709
0.097243 -45.044060
0.097402 -45.038399
0.097561 -45.032722
0.097720 -45.027035
0.097880 -45.021336
0.098039 -45.015621
0.098198 -45.009892
0.098357 -45.004154
0.098516 -44.998402
0.098675 -44.992634
0.098835 -44.986855
0.098994 -44.981060
0.099153 -44.975254
0.099312 -44.969437
0.099471 -44.963604
0.099630 -44.957756
0.099789 -44.951900
0.099949 -44.946026
0.100108 -44.940140
0.100267 -44.934242
0.100426 -44.928329
0.100585 -44.922405
0.100744 -44.916466
0.100904 -44.910515
0.101063 -44.904545
0.101222 -44.898567
0.101381 -44.892574
0.101540 -44.886566
0.101699 -44.880547
0.101858 -44.874512
0.102018 -44.868465
0.102177 -44.862404
0.102336 -44.856327
0.102495 -44.850239
0.102654 -44.844135
0.102813 -44.838020
0.102972 -44.831890
0.103132 -44.825748
0.103291 -44.819588
0.103450 -44.813419
0.103609 -44.807232
0.103768 -44.801033
0.103927 -44.794819
0.104087 -44.788593
0.104246 -44.782352
0.104405 -44.776096
0.104564 -44.769825
0.104723 -44.763542
0.104882 -44.757244
0.105041 -44.750935
0.105201 -44.744606
0.105360 -44.738266
0.105519 -44.731915
0.105678 -44.725544
0.105837 -44.719162
0.105996 -44.712765
0.106156 -44.706352
0.106315 -44.699928
0.106474 -44.693489
0.106633 -44.687031
0.106792 -44.680565
0.106951 -44.674080
0.107110 -44.667583
0.107270 -44.661068
0.107429 -44.654541
0.107588 -44.647999
0.107747 -44.641445
0.107906 -44.634872
0.108065 -44.628284
0.108225 -44.621685
0.108384 -44.615070
0.108543 -44.608440
0.108702 -44.601795
0.108861 -44.595135
0.109020 -44.588463
0.109179 -44.581772
0.109339 -44.575069
0.109498 -44.568348
0.109657 -44.561615
0.109816 -44.554863
0.109975 -44.548100
0.110134 -44.541321
0.110294 -44.534527
0.110453 -44.527718
0.110612 -44.520893
0.110771 -44.514050
0.110930 -44.507195
0.111089 -44.500324
0.111248 -44.493439
0.111408 -44.486538
0.111567 -44.479622
0.111726 -44.472691
0.111885 -44.465744
0.112044 -44.458778
0.112203 -44.451801
0.112363 -44.444809
0.112522 -44.437798
0.112681 -44.430771
0.112840 -44.423733
0.112999 -44.416676
0.113158 -44.409603
0.113317 -44.402515
0.113477 -44.395412
0.113636 -44.388294
0.113795 -44.381157
0.113954 -44.374008
0.114113 -44.366840
0.114272 -44.359657
0.114431 -44.352459
0.114591 -44.345242
0.114750 -44.338013
0.114909 -44.330765
0.115068 -44.323502
0.115227 -44.316223
0.115386 -44.308926
0.115546 -44.301617
0.115705 -44.294289
0.115864 -44.286945
0.116023 -44.279583
0.116182 -44.272205
0.116341 -44.264812
0.116500 -44.257404
0.116660 -44.249977
0.116819 -44.242535
0.116978 -44.235077
0.117137 -44.227600
0.117296 -44.220108
0.117455 -44.212601
0.117615 -44.205074
0.117774 -44.197533
0.117933 -44.189972
0.118092 -44.182396
0.118251 -44.174805
0.118410 -44.167194
0.118569 -44.159565
0.118729 -44.151924
0.118888 -44.144264
0.119047 -44.136585
0.119206 -44.128891
0.119365 -44.121178
0.119524 -44.113449
0.119684 -44.105701
0.119843 -44.097939
0.120002 -44.090160
0.120161 -44.082363
0.120320 -44.074547
0.120479 -44.066711
0.120638 -44.058861
0.120798 -44.050995
0.120957 -44.043110
0.121116 -44.035206
0.121275 -44.027287
0.121434 -44.019348
0.121593 -44.011395
0.121753 -44.003422
0.121912 -43.995426
0.122071 -43.987419
0.122230 -43.979393
0.122389 -43.971348
0.122548 -43.963284
0.122707 -43.955204
0.122867 -43.947105
0.123026 -43.938988
0.123185 -43.930855
0.123344 -43.922703
0.123503 -43.914528
0.123662 -43.906342
0.123822 -43.898132
0.123981 -43.889908
0.124140 -43.881664
0.124299 -43.873398
0.124458 -43.865116
0.124617 -43.856815
0.124776 -43.848499
0.124936 -43.840164
0.125095 -43.831806
0.125254 -43.823433
0.125413 -43.815041
0.125572 -43.806625
0.125731 -43.798195
0.125891 -43.789745
0.126050 -43.781277
0.126209 -43.772789
0.126368 -43.764282
0.126527 -43.755760
0.126686 -43.747215
0.126845 -43.738647
0.127005 -43.730064
0.127164 -43.721462
0.127323 -43.712841
0.127482 -43.704201
0.127641 -43.695541
0.127800 -43.686859
0.127959 -43.678162
0.128119 -43.669441
0.128278 -43.660702
0.128437 -43.651943
0.128596 -43.643166
0.128755 -43.634369
0.128914 -43.625549
0.129074 -43.616714
0.129233 -43.607857
0.129392 -43.598980
0.129551 -43.590080
0.129710 -43.581161
0.129869 -43.572224
0.130028 -43.563267
0.130188 -43.554291
0.130347 -43.545292
0.130506 -43.536274
0.130665 -43.527233
0.130824 -43.518173
0.130983 -43.509094
0.131143 -43.499992
0.131302 -43.490871
0.131461 -43.481731
0.131620 -43.472569
0.131779 -43.463383
0.131938 -43.454178
0.132097 -43.444954
0.132257 -43.435707
0.132416 -43.426441
0.132575 -43.417152
0.132734 -43.407845
0.132893 -43.398514
0.133052 -43.389160
0.133212 -43.379787
0.133371 -43.370396
0.133530 -43.360977
0.133689 -43.351540
0.133848 -43.342083
0.134007 -43.332603
0.134166 -43.323101
0.134326 -43.313576
0.134485 -43.304031
0.134644 -43.294464
0.134803 -43.284874
0.134962 -43.275265
0.135121 -43.265629
0.135281 -43.255974
0.135440 -43.246300
0.135599 -43.236599
0.135758 -43.226875
0.135917 -43.217133
0.136076 -43.207367
0.136235 -43.197578
0.136395 -43.187767
0.136554 -43.177933
0.136713 -43.168076
0.136872 -43.158195
0.137031 -43.148293
0.137190 -43.138371
0.137350 -43.128422
0.137509 -43.118450
0.137668 -43.108459
0.137827 -43.098442
0.137986 -43.088402
0.138145 -43.078339
0.138304 -43.068253
0.138464 -43.058140
0.138623 -43.048008
0.138782 -43.037849
0.138941 -43.027672
0.139100 -43.017467
0.139259 -43.007240
0.139419 -42.996986
0.139578 -42.986713
0.139737 -42.976414
0.139896 -42.966091
0.140055 -42.955742
0.140214 -42.945370
0.140373 -42.934975
0.140533 -42.924557
0.140692 -42.914112
0.140851 -42.903641
0.141010 -42.893150
0.141169 -42.882633
0.141328 -42.872089
0.141487 -42.861523
0.141647 -42.850933
0.141806 -42.840313
0.141965 -42.829674
0.142124 -42.819008
0.142283 -42.808315
0.142442 -42.797596
0.142602 -42.786858
0.142761 -42.776089
0.142920 -42.765297
0.143079 -42.754478
0.143238 -42.743633
0.143397 -42.732765
0.143556 -42.721867
0.143716 -42.710949
0.143875 -42.700001
0.144034 -42.689030
0.144193 -42.678028
0.144352 -42.667004
0.144511 -42.655952
0.144671 -42.644875
0.144830 -42.633774
0.144989 -42.622643
0.145148 -42.611485
0.145307 -42.600304
0.145466 -42.589092
0.145625 -42.577854
0.145785 -42.566593
0.145944 -42.555302
0.146103 -42.543983
0.146262 -42.532639
0.146421 -42.521267
0.146580 -42.509865
0.146740 -42.498440
0.146899 -42.486984
0.147058 -42.475506
0.147217 -42.463993
0.147376 -42.452457
0.147535 -42.440891
0.147694 -42.429302
0.147854 -42.417679
0.148013 -42.406029
0.148172 -42.394352
0.148331 -42.382648
0.148490 -42.370914
0.148649 -42.359150
0.148809 -42.347359
0.148968 -42.335541
0.149127 -42.323692
0.149286 -42.311817
0.149445 -42.299908
0.149604 -42.287971
0.149763 -42.276009
0.149923 -42.264015
0.150082 -42.251991
0.150241 -42.239941
0.150400 -42.227859
0.150559 -42.215748
0.150718 -42.203606
0.150878 -42.191433
0.151037 -42.179234
0.151196 -42.167000
0.151355 -42.154739
0.151514 -42.142448
0.151673 -42.130127
0.151832 -42.117775
0.151992 -42.105392
0.152151 -42.092976
0.152310 -42.080532
0.152469 -42.068054
0.152628 -42.055550
0.152787 -42.043011
0.152947 -42.030445
0.153106 -42.017845
0.153265 -42.005211
0.153424 -41.992550
0.153583 -41.979855
0.153742 -41.967129
0.153901 -41.954369
0.154061 -41.941578
0.154220 -41.928757
0.154379 -41.915901
0.154538 -41.903015
0.154697 -41.890095
0.154856 -41.877144
0.155015 -41.864159
0.155175 -41.851139
0.155334 -41.838089
0.155493 -41.825008
0.155652 -41.811890
0.155811 -41.798740
0.155970 -41.785557
0.156130 -41.772339
0.156289 -41.759090
0.156448 -41.745804
0.156607 -41.732487
0.156766 -41.719135
0.156925 -41.705750
0.157084 -41.692326
0.157244 -41.678871
0.157403 -41.665382
0.157562 -41.651859
0.157721 -41.638298
0.157880 -41.624706
0.158039 -41.611076
0.158199 -41.597412
0.158358 -41.583714
0.158517 -41.569977
0.158676 -41.556206
0.158835 -41.542400
0.158994 -41.528557
0.159153 -41.514679
0.159313 -41.500763
0.159472 -41.486813
0.159631 -41.472824
0.159790 -41.458801
0.159949 -41.444740
0.160108 -41.430641
0.160268 -41.416508
0.160427 -41.402336
0.160586 -41.388126
0.160745 -41.373878
0.160904 -41.359596
0.161063 -41.345272
0.161223 -41.330914
0.161382 -41.316517
0.161541 -41.302082
0.161700 -41.287605
0.161859 -41.273094
0.162018 -41.258541
0.162178 -41.243950
0.162337 -41.229324
0.162496 -41.214657
0.162655 -41.199947
0.162814 -41.185204
0.162973 -41.170414
0.163133 -41.155590
0.163292 -41.140724
0.163451 -41.125816
0.163610 -41.110874
0.163769 -41.095886
0.163928 -41.080860
0.164087 -41.065792
0.164247 -41.050686
0.164406 -41.035534
0.164565 -41.020344
0.164724 -41.005112
0.164883 -40.989841
0.165042 -40.974525
0.165202 -40.959167
0.165361 -40.943768
0.165520 -40.928329
0.165679 -40.912846
0.165838 -40.897320
0.165997 -40.881748
0.166157 -40.866138
0.166316 -40.850483
0.166475 -40.834785
0.166634 -40.819042
0.166793 -40.803257
0.166952 -40.787430
0.167112 -40.771557
0.167271 -40.755638
0.167430 -40.739677
0.167589 -40.723671
0.167748 -40.707619
0.167907 -40.691525
0.168067 -40.675385
0.168226 -40.659195
0.168385 -40.642963
0.168544 -40.626686
0.168703 -40.610363
0.168862 -40.593990
0.169022 -40.577576
0.169181 -40.561111
0.169340 -40.544601
0.169499 -40.528046
0.169658 -40.511440
0.169817 -40.494789
0.169977 -40.478088
0.170136 -40.461342
0.170295 -40.444546
0.170454 -40.427704
0.170613 -40.410812
0.170772 -40.393871
0.170931 -40.376881
0.171091 -40.359840
0.171250 -40.342754
0.171409 -40.325615
0.171568 -40.308426
0.171727 -40.291187
0.171886 -40.273899
0.172046 -40.256561
0.172205 -40.239174
0.172364 -40.221733
0.172523 -40.204243
0.172682 -40.186699
0.172841 -40.169102
0.173001 -40.151455
0.173160 -40.133755
0.173319 -40.116005
0.173478 -40.098202
0.173637 -40.080345
0.173796 -40.062435
0.173956 -40.044472
0.174115 -40.026451
0.174274 -40.008381
0.174433 -39.990253
0.174592 -39.972073
0.174751 -39.953838
0.174911 -39.935547
0.175070 -39.917206
0.175229 -39.898804
0.175388 -39.880344
0.175547 -39.861832
0.175706 -39.843266
0.175866 -39.824638
0.176025 -39.805954
0.176184 -39.787216
0.176343 -39.768417
0.176502 -39.749561
0.176661 -39.730648
0.176820 -39.711678
0.176980 -39.692646
0.177139 -39.673557
0.177298 -39.654408
0.177457 -39.635197
0.177616 -39.615929
0.177775 -39.596603
0.177935 -39.577213
0.178094 -39.557762
0.178253 -39.538254
0.178412 -39.518681
0.178571 -39.499046
0.178730 -39.479351
0.178890 -39.459591
0.179049 -39.439770
0.179208 -39.419888
0.179367 -39.399940
0.179526 -39.379929
0.179685 -39.359856
0.179845 -39.339714
0.180004 -39.319511
0.180163 -39.299244
0.180322 -39.278908
0.180481 -39.258507
0.180640 -39.238041
0.180800 -39.217506
0.180959 -39.196907
0.181118 -39.176243
0.181277 -39.155506
0.181436 -39.134705
0.181595 -39.113834
0.181755 -39.092896
0.181914 -39.071888
0.182073 -39.050812
0.182232 -39.029663
0.182391 -39.008446
0.182550 -38.987160
0.182709 -38.965801
0.182869 -38.944370
0.183028 -38.922867
0.183187 -38.901295
0.183346 -38.879646
0.183505 -38.857929
0.183664 -38.836136
0.183824 -38.814270
0.183983 -38.792328
0.184142 -38.770313
0.184301 -38.748222
0.184460 -38.726059
0.184619 -38.703815
0.184779 -38.681496
0.184938 -38.659103
0.185097 -38.636631
0.185256 -38.614079
0.185415 -38.591454
0.185574 -38.568745
0.185734 -38.545959
0.185893 -38.523094
0.186052 -38.500149
0.186211 -38.477123
0.186370 -38.454018
0.186529 -38.430828
0.186689 -38.407558
0.186848 -38.384209
0.187007 -38.360771
0.187166 -38.337254
0.187325 -38.313648
0.187484 -38.289963
0.187644 -38.266190
0.187803 -38.242332
0.187962 -38.218388
0.188121 -38.194359
0.188280 -38.170242
0.188439 -38.146038
0.188599 -38.121742
0.188758 -38.097363
0.188917 -38.072891
0.189076 -38.048332
0.189235 -38.023678
0.189394 -37.998936
0.189553 -37.974102
0.189713 -37.949177
0.189872 -37.924160
0.190031 -37.899048
0.190190 -37.873840
0.190349 -37.848541
0.190508 -37.823143
0.190668 -37.797653
0.190827 -37.772064
0.190986 -37.746380
0.191145 -37.720596
0.191304 -37.694717
0.191463 -37.668736
0.191623 -37.642658
0.191782 -37.616478
0.191941 -37.590199
0.192100 -37.563812
0.192259 -37.537331
0.192418 -37.510742
0.192578 -37.484051
0.192737 -37.457256
0.192896 -37.430351
0.193055 -37.403347
0.193214 -37.376232
0.193373 -37.349010
0.193533 -37.321682
0.193692 -37.294247
0.193851 -37.266697
0.194010 -37.239040
0.194169 -37.211273
0.194328 -37.183392
0.194488 -37.155396
0.194647 -37.127289
0.194806 -37.099068
0.194965 -37.070732
0.195124 -37.042278
0.195283 -37.013710
0.195442 -36.985023
0.195602 -36.956219
0.195761 -36.927292
0.195920 -36.898247
0.196079 -36.869080
0.196238 -36.839794
0.196397 -36.810383
0.196557 -36.780846
0.196716 -36.751186
0.196875 -36.721401
0.197034 -36.691486
0.197193 -36.661449
0.197352 -36.631279
0.197512 -36.600979
0.197671 -36.570549
0.197830 -36.539989
0.197989 -36.509296
0.198148 -36.478470
0.198307 -36.447510
0.198467 -36.416412
0.198626 -36.385181
0.198785 -36.353806
0.198944 -36.322296
0.199103 -36.290646
0.199262 -36.258854
0.199422 -36.226917
0.199581 -36.194839
0.199740 -36.162621
0.199899 -36.130249
0.200058 -36.097736
0.200217 -36.065071
0.200377 -36.032261
0.200536 -35.999294
0.200695 -35.966179
0.200854 -35.932911
0.201013 -35.899490
0.201172 -35.865910
0.201331 -35.832176
0.201491 -35.798283
0.201650 -35.764229
0.201809 -35.730015
0.201968 -35.695637
0.202127 -35.661095
0.202286 -35.626392
0.202446 -35.591518
0.202605 -35.556477
0.202764 -35.521267
0.202923 -35.485886
0.203082 -35.450333
0.203241 -35.414604
0.203401 -35.378700
0.203560 -35.342617
0.203719 -35.306358
0.203878 -35.269917
0.204037 -35.233295
0.204196 -35.196487
0.204356 -35.159496
0.204515 -35.122318
0.204674 -35.084949
0.204833 -35.047390
0.204992 -35.009640
0.205151 -34.971695
0.205311 -34.933552
0.205470 -34.895214
0.205629 -34.856674
0.205788 -34.817932
0.205947 -34.778988
0.206106 -34.739838
0.206266 -34.700481
0.206425 -34.660912
0.206584 -34.621132
0.206743 -34.581142
0.206902 -34.540932
0.207061 -34.500504
0.207221 -34.459854
0.207380 -34.418987
0.207539 -34.377892
0.207698 -34.336567
0.207857 -34.295017
0.208016 -34.253235
0.208175 -34.211220
0.208335 -34.168964
0.208494 -34.126472
0.208653 -34.083736
0.208812 -34.040760
0.208971 -33.997536
0.209130 -33.954060
0.209290 -33.910336
0.209449 -33.866356
0.209608 -33.822117
0.209767 -33.777618
0.209926 -33.732857
0.210085 -33.687828
0.210245 -33.642532
0.210404 -33.596966
0.210563 -33.551125
0.210722 -33.505001
0.210881 -33.458599
0.211040 -33.411911
0.211200 -33.364937
0.211359 -33.317673
0.211518 -33.270111
0.211677 -33.222252
0.211836 -33.174091
0.211995 -33.125629
0.212155 -33.076859
0.212314 -33.027771
0.212473 -32.978371
0.212632 -32.928654
0.212791 -32.878609
0.212950 -32.828236
0.213110 -32.777534
0.213269 -32.726494
0.213428 -32.675114
0.213587 -32.623390
0.213746 -32.571320
0.213905 -32.518894
0.214064 -32.466110
0.214224 -32.412968
0.214383 -32.359455
0.214542 -32.305573
0.214701 -32.251312
0.214860 -32.196671
0.215019 -32.141644
0.215179 -32.086224
0.215338 -32.030407
0.215497 -31.974188
0.215656 -31.917561
0.215815 -31.860521
0.215974 -31.803061
0.216134 -31.745176
0.216293 -31.686859
0.216452 -31.628105
0.216611 -31.568909
0.216770 -31.509262
0.216929 -31.449160
0.217089 -31.388594
0.217248 -31.327555
0.217407 -31.266043
0.217566 -31.204044
0.217725 -31.141556
0.217884 -31.078571
0.218044 -31.015078
0.218203 -30.951071
0.218362 -30.886539
0.218521 -30.821482
0.218680 -30.755884
0.218839 -30.689737
0.218999 -30.623037
0.219158 -30.555773
0.219317 -30.487932
0.219476 -30.419508
0.219635 -30.350494
0.219794 -30.280874
0.219953 -30.210644
0.220113 -30.139788
0.220272 -30.068298
0.220431 -29.996162
0.220590 -29.923372
0.220749 -29.849916
0.220908 -29.775778
0.221068 -29.700945
0.221227 -29.625412
0.221386 -29.549162
0.221545 -29.472183
0.221704 -29.394457
0.221863 -29.315975
0.222023 -29.236721
0.222182 -29.156681
0.222341 -29.075838
0.222500 -28.994179
0.222659 -28.911688
0.222818 -28.828344
0.222978 -28.744135
0.223137 -28.659039
0.223296 -28.573044
0.223455 -28.486128
0.223614 -28.398270
0.223773 -28.309456
0.223933 -28.219656
0.224092 -28.128857
0.224251 -28.037035
0.224410 -27.944166
0.224569 -27.850231
0.224728 -27.755198
0.224888 -27.659050
0.225047 -27.561758
0.225206 -27.463299
0.225365 -27.363638
0.225524 -27.262753
0.225683 -27.160616
0.225843 -27.057188
0.226002 -26.952435
0.226161 -26.846342
0.226320 -26.738861
0.226479 -26.629953
0.226638 -26.519590
0.226797 -26.407736
0.226957 -26.294348
0.227116 -26.179377
0.227275 -26.062780
0.227434 -25.944521
0.227593 -25.824553
0.227752 -25.702827
0.227912 -25.579283
0.228071 -25.453867
0.228230 -25.326544
0.228389 -25.197233
0.228548 -25.065878
0.228707 -24.932423
0.228867 -24.796799
0.229026 -24.658930
0.229185 -24.518749
0.229344 -24.376183
0.229503 -24.231138
0.229662 -24.083540
0.229822 -23.933289
0.229981 -23.780302
0.230140 -23.624479
0.230299 -23.465706
0.230458 -23.303879
0.230617 -23.138872
0.230777 -22.970575
0.230936 -22.798855
0.231095 -22.623560
0.231254 -22.444553
0.231413 -22.261667
0.231572 -22.074764
0.231732 -21.883617
0.231891 -21.688084
0.232050 -21.487930
0.232209 -21.282938
0.232368 -21.072889
0.232527 -20.857534
0.232686 -20.636587
0.232846 -20.409773
0.233005 -20.176781
0.233164 -19.937252
0.233323 -19.690838
0.233482 -19.437122
0.233641 -19.175692
0.233801 -18.906069
0.233960 -18.627720
0.234119 -18.340097
0.234278 -18.042578
0.234437 -17.734451
0.234596 -17.414957
0.234756 -17.083302
0.234915 -16.738497
0.235074 -16.379490
0.235233 -16.005138
0.235392 -15.614119
0.235551 -15.204905
0.235711 -14.775832
0.235870 -14.324969
0.236029 -13.850061
0.236188 -13.348598
0.236347 -12.817589
0.236506 -12.253648
0.236666 -11.652790
0.236825 -11.010299
0.236984 -10.320770
0.237143 -9.577861
0.237302 -8.774204
0.237461 -7.901631
0.237621 -6.951754
0.237780 -5.916968
0.237939 -4.794525
0.238098 -3.595135
0.238257 -2.361489
0.238416 -1.202118
0.238575 -0.326139
0.238735 -0.000151
0.238894 -0.355758
0.239053 -1.252543
0.239212 -2.423422
0.239371 -3.663017
0.239530 -4.865825
0.239690 -5.990918
0.239849 -7.028316
0.240008 -7.981043
0.240167 -8.856716
0.240326 -9.663860
0.240485 -10.410490
0.240645 -11.103999
0.240804 -11.750695
0.240963 -12.355947
0.241122 -12.924402
0.241281 -13.460071
0.241440 -13.966317
0.241600 -14.446076
0.241759 -14.901924
0.241918 -15.336027
0.242077 -15.750344
0.242236 -16.146532
0.242395 -16.526081
0.242555 -16.890333
0.242714 -17.240435
0.242873 -17.577452
0.243032 -17.902296
0.243191 -18.215807
0.243350 -18.518764
0.243510 -18.811832
0.243669 -19.095631
0.243828 -19.370747
0.243987 -19.637676
0.244146 -19.896908
0.244305 -20.148859
0.244464 -20.393942
0.244624 -20.632488
0.244783 -20.864889
0.244942 -21.091404
0.245101 -21.312359
0.245260 -21.528019
0.245419 -21.738602
0.245579 -21.944391
0.245738 -22.145555
0.245897 -22.342327
0.246056 -22.534882
0.246215 -22.723413
0.246374 -22.908073
0.246534 -23.089033
0.246693 -23.266426
0.246852 -23.440390
0.247011 -23.611069
0.247170 -23.778576
0.247329 -23.943027
0.247489 -24.104544
0.247648 -24.263220
0.247807 -24.419167
0.247966 -24.572466
0.248125 -24.723206
0.248284 -24.871485
0.248444 -25.017372
0.248603 -25.160954
0.248762 -25.302294
0.248921 -25.441460
0.249080 -25.578531
0.249239 -25.713562
0.249399 -25.846611
0.249558 -25.977745
0.249717 -26.107023
0.249876 -26.234478
0.250035 -26.360178
0.250194 -26.484173
0.250354 -26.606501
0.250513 -26.727205
0.250672 -26.846338
0.250831 -26.963936
0.250990 -27.080034
0.251149 -27.194681
0.251308 -27.307907
0.251468 -27.419744
0.251627 -27.530237
0.251786 -27.639418
0.251945 -27.747311
0.252104 -27.853947
0.252263 -27.959352
0.252423 -28.063568
0.252582 -28.166611
0.252741 -28.268515
0.252900 -28.369301
0.253059 -28.468998
0.253218 -28.567625
0.253378 -28.665205
0.253537 -28.761759
0.253696 -28.857317
0.253855 -28.951899
0.254014 -29.045521
0.254173 -29.138199
0.254333 -29.229954
0.254492 -29.320812
0.254651 -29.410793
0.254810 -29.499903
0.254969 -29.588161
0.255128 -29.675585
0.255288 -29.762197
0.255447 -29.848003
0.255606 -29.933029
0.255765 -30.017282
0.255924 -30.100780
0.256083 -30.183535
0.256243 -30.265556
0.256402 -30.346859
0.256561 -30.427462
0.256720 -30.507378
0.256879 -30.586611
0.257038 -30.665176
0.257197 -30.743090
0.257357 -30.820354
0.257516 -30.896984
0.257675 -30.972996
0.257834 -31.048391
0.257993 -31.123182
0.258152 -31.197386
0.258312 -31.271008
0.258471 -31.344049
0.258630 -31.416531
0.258789 -31.488461
0.258948 -31.559839
0.259107 -31.630680
0.259267 -31.700993
0.259426 -31.770782
0.259585 -31.840057
0.259744 -31.908829
0.259903 -31.977100
0.260062 -32.044884
0.260222 -32.112183
0.260381 -32.179001
0.260540 -32.245358
0.260699 -32.311245
0.260858 -32.376682
0.261017 -32.441666
0.261177 -32.506203
0.261336 -32.570309
0.261495 -32.633984
0.261654 -32.697227
0.261813 -32.760059
0.261972 -32.822475
0.262132 -32.884487
0.262291 -32.946091
0.262450 -33.007305
0.262609 -33.068119
0.262768 -33.128555
0.262927 -33.188606
0.263086 -33.248280
0.263246 -33.307587
0.263405 -33.366524
0.263564 -33.425102
0.263723 -33.483318
0.263882 -33.541183
0.264041 -33.598701
0.264201 -33.655876
0.264360 -33.712711
0.264519 -33.769211
0.264678 -33.825378
0.264837 -33.881218
0.264996 -33.936737
0.265156 -33.991936
0.265315 -34.046814
0.265474 -34.101387
0.265633 -34.155647
0.265792 -34.209606
0.265951 -34.263264
0.266111 -34.316620
0.266270 -34.369686
0.266429 -34.422459
0.266588 -34.474949
0.266747 -34.527149
0.266906 -34.579071
0.267066 -34.630718
0.267225 -34.682087
0.267384 -34.733185
0.267543 -34.784012
0.267702 -34.834579
0.267861 -34.884880
0.268021 -34.934921
0.268180 -34.984707
0.268339 -35.034237
0.268498 -35.083515
0.268657 -35.132545
0.268816 -35.181328
0.268976 -35.229866
0.269135 -35.278164
0.269294 -35.326221
0.269453 -35.374046
0.269612 -35.421635
0.269771 -35.468994
0.269930 -35.516125
0.270090 -35.563026
0.270249 -35.609703
0.270408 -35.656158
0.270567 -35.702393
0.270726 -35.748413
0.270885 -35.794212
0.271045 -35.839806
0.271204 -35.885185
0.271363 -35.930351
0.271522 -35.975311
0.271681 -36.020065
0.271840 -36.064621
0.272000 -36.108971
0.272159 -36.153122
0.272318 -36.197075
0.272477 -36.240833
0.272636 -36.284397
0.272795 -36.327770
0.272955 -36.370953
0.273114 -36.413944
0.273273 -36.456749
0.273432 -36.499371
0.273591 -36.541809
0.273750 -36.584064
0.273910 -36.626141
0.274069 -36.668041
0.274228 -36.709759
0.274387 -36.751305
0.274546 -36.792679
0.274705 -36.833874
0.274865 -36.874905
0.275024 -36.915764
0.275183 -36.956455
0.275342 -36.996979
0.275501 -37.037338
0.275660 -37.077534
0.275819 -37.117569
0.275979 -37.157444
0.276138 -37.197159
0.276297 -37.236713
0.276456 -37.276112
0.276615 -37.315357
0.276774 -37.354450
0.276934 -37.393387
0.277093 -37.432171
0.277252 -37.470810
0.277411 -37.509296
0.277570 -37.547634
0.277729 -37.585827
0.277889 -37.623875
0.278048 -37.661777
0.278207 -37.699535
0.278366 -37.737152
0.278525 -37.774632
0.278684 -37.811970
0.278844 -37.849167
0.279003 -37.886230
0.279162 -37.923153
0.279321 -37.959942
0.279480 -37.996597
0.279639 -38.033119
0.279799 -38.069508
0.279958 -38.105766
0.280117 -38.141895
0.280276 -38.177895
0.280435 -38.213768
0.280594 -38.249508
0.280754 -38.285126
0.280913 -38.320618
0.281072 -38.355984
0.281231 -38.391228
0.281390 -38.426350
0.281549 -38.461349
0.281708 -38.496227
0.281868 -38.530987
0.282027 -38.565628
0.282186 -38.600147
0.282345 -38.634552
0.282504 -38.668842
0.282663 -38.703014
0.282823 -38.737072
0.282982 -38.771015
0.283141 -38.804848
0.283300 -38.838566
0.283459 -38.872169
0.283618 -38.905666
0.283778 -38.939053
0.283937 -38.972332
0.284096 -39.005497
0.284255 -39.038559
0.284414 -39.071514
0.284573 -39.104362
0.284733 -39.137104
0.284892 -39.169739
0.285051 -39.202274
0.285210 -39.234703
0.285369 -39.267033
0.285528 -39.299255
0.285688 -39.331383
0.285847 -39.363403
0.286006 -39.395329
0.286165 -39.427155
0.286324 -39.458881
0.286483 -39.490509
0.286643 -39.522041
0.286802 -39.553474
0.286961 -39.584812
0.287120 -39.616055
0.287279 -39.647202
0.287438 -39.678257
0.287598 -39.709217
0.287757 -39.740086
0.287916 -39.770863
0.288075 -39.801544
0.288234 -39.832138
0.288393 -39.862637
0.288552 -39.893051
0.288712 -39.923374
0.288871 -39.953606
0.289030 -39.983753
0.289189 -40.013813
0.289348 -40.043781
0.289507 -40.073666
0.289667 -40.103462
0.289826 -40.133175
0.289985 -40.162804
0.290144 -40.192345
0.290303 -40.221806
0.290462 -40.251179
0.290622 -40.280472
0.290781 -40.309681
0.290940 -40.338810
0.291099 -40.367855
0.291258 -40.396820
0.291417 -40.425705
0.291577 -40.454510
0.291736 -40.483234
0.291895 -40.511883
0.292054 -40.540447
0.292213 -40.568939
0.292372 -40.597351
0.292532 -40.625683
0.292691 -40.653942
0.292850 -40.682121
0.293009 -40.710228
0.293168 -40.738258
0.293327 -40.766212
0.293487 -40.794094
0.293646 -40.821899
0.293805 -40.849632
0.293964 -40.877293
0.294123 -40.904881
0.294282 -40.932392
0.294441 -40.959835
0.294601 -40.987206
0.294760 -41.014503
0.294919 -41.041733
0.295078 -41.068890
0.295237 -41.095978
0.295396 -41.122993
0.295556 -41.149944
0.295715 -41.176823
0.295874 -41.203632
0.296033 -41.230377
0.296192 -41.257053
0.296351 -41.283661
0.296511 -41.310200
0.296670 -41.336674
0.296829 -41.363083
0.296988 -41.389427
0.297147 -41.415703
0.297306 -41.441914
0.297466 -41.468060
0.297625 -41.494141
0.297784 -41.520157
0.297943 -41.546112
0.298102 -41.572002
0.298261 -41.597828
0.298421 -41.623596
0.298580 -41.649296
0.298739 -41.674934
0.298898 -41.700516
0.299057 -41.726028
0.299216 -41.751484
0.299376 -41.776878
0.299535 -41.802212
0.299694 -41.827484
0.299853 -41.852699
0.300012 -41.877853
0.300171 -41.902946
0.300330 -41.927982
0.300490 -41.952957
0.300649 -41.977875
0.300808 -42.002735
0.300967 -42.027538
0.301126 -42.052284
0.301285 -42.076969
0.301445 -42.101601
0.301604 -42.126175
0.301763 -42.150692
0.301922 -42.175152
0.302081 -42.199558
0.302240 -42.223907
0.302400 -42.248203
0.302559 -42.272442
0.302718 -42.296627
0.302877 -42.320755
0.303036 -42.344833
0.303195 -42.368855
0.303355 -42.392822
0.303514 -42.416737
0.303673 -42.440598
0.303832 -42.464409
0.303991 -42.488163
0.304150 -42.511868
0.304310 -42.535519
0.304469 -42.559120
0.304628 -42.582668
0.304787 -42.606163
0.304946 -42.629608
0.305105 -42.653004
0.305265 -42.676346
0.305424 -42.699642
0.305583 -42.722885
0.305742 -42.746078
0.305901 -42.769222
0.306060 -42.792316
0.306220 -42.815361
0.306379 -42.838356
0.306538 -42.861301
0.306697 -42.884201
0.306856 -42.907051
0.307015 -42.929852
0.307174 -42.952606
0.307334 -42.975311
0.307493 -42.997971
0.307652 -43.020584
0.307811 -43.043144
0.307970 -43.065662
0.308129 -43.088135
0.308289 -43.110561
0.308448 -43.132938
0.308607 -43.155270
0.308766 -43.177555
0.308925 -43.199799
0.309084 -43.221992
0.309244 -43.244144
0.309403 -43.266251
0.309562 -43.288311
0.309721 -43.310326
0.309880 -43.332298
0.310039 -43.354225
0.310199 -43.376106
0.310358 -43.397945
0.310517 -43.419743
0.310676 -43.441498
0.310835 -43.463203
0.310994 -43.484871
0.311154 -43.506496
0.311313 -43.528076
0.311472 -43.549614
0.311631 -43.571110
0.311790 -43.592564
0.311949 -43.613976
0.312109 -43.635345
0.312268 -43.656673
0.312427 -43.677959
0.312586 -43.699207
0.312745 -43.720413
0.312904 -43.741577
0.313063 -43.762699
0.313223 -43.783783
0.313382 -43.804825
0.313541 -43.825829
0.313700 -43.846790
0.313859 -43.867710
0.314018 -43.888592
0.314178 -43.909435
0.314337 -43.930241
0.314496 -43.951004
0.314655 -43.971729
0.314814 -43.992416
0.314973 -44.013065
0.315133 -44.033672
0.315292 -44.054245
0.315451 -44.074776
0.315610 -44.095272
0.315769 -44.115730
0.315928 -44.136147
0.316088 -44.156528
0.316247 -44.176872
0.316406 -44.197178
0.316565 -44.217445
0.316724 -44.237679
0.316883 -44.257874
0.317043 -44.278034
0.317202 -44.298153
0.317361 -44.318241
0.317520 -44.338287
0.317679 -44.358303
0.317838 -44.378281
0.317998 -44.398220
0.318157 -44.418125
0.318316 -44.437996
0.318475 -44.457829
0.318634 -44.477627
0.318793 -44.497387
0.318952 -44.517113
0.319112 -44.536804
0.319271 -44.556461
0.319430 -44.576084
0.319589 -44.595669
0.319748 -44.615223
0.319907 -44.634743
0.320066 -44.654228
0.320226 -44.673679
0.320385 -44.693096
0.320544 -44.712482
0.320703 -44.731831
0.320862 -44.751148
0.321021 -44.770432
0.321180 -44.789680
0.321340 -44.808899
0.321499 -44.828083
0.321658 -44.847233
0.321817 -44.866352
0.321976 -44.885441
0.322135 -44.904495
0.322294 -44.923512
0.322454 -44.942505
0.322613 -44.961460
0.322772 -44.980385
0.322931 -44.999279
0.323090 -45.018139
0.323249 -45.036972
0.323408 -45.055767
0.323568 -45.074535
0.323727 -45.093269
0.323886 -45.111977
0.324045 -45.130650
0.324204 -45.149292
0.324363 -45.167904
0.324522 -45.186485
0.324682 -45.205036
0.324841 -45.223557
0.325000 -45.242046
0.325159 -45.260506
0.325318 -45.278934
0.325477 -45.297337
0.325636 -45.315704
0.325796 -45.334045
0.325955 -45.352356
0.326114 -45.370636
0.326273 -45.388885
0.326432 -45.407108
0.326591 -45.425301
0.326750 -45.443462
0.326910 -45.461597
0.327069 -45.479702
0.327228 -45.497780
0.327387 -45.515827
0.327546 -45.533844
0.327705 -45.551834
0.327864 -45.569794
0.328024 -45.587730
0.328183 -45.605633
0.328342 -45.623508
0.328501 -45.641361
0.328660 -45.659180
0.328819 -45.676971
0.328978 -45.694736
0.329138 -45.712475
0.329297 -45.730186
0.329456 -45.747868
0.329615 -45.765522
0.329774 -45.783150
0.329933 -45.800751
0.330092 -45.818325
0.330252 -45.835869
0.330411 -45.853390
0.330570 -45.870880
0.330729 -45.888348
0.330888 -45.905785
0.331047 -45.923199
0.331206 -45.940582
0.331366 -45.957943
0.331525 -45.975277
0.331684 -45.992584
0.331843 -46.009865
0.332002 -46.027119
0.332161 -46.044350
0.332320 -46.061550
0.332480 -46.078728
0.332639 -46.095879
0.332798 -46.113007
0.332957 -46.130104
0.333116 -46.147179
0.333275 -46.164230
0.333434 -46.181255
0.333594 -46.198254
0.333753 -46.215225
0.333912 -46.232178
0.334071 -46.249100
0.334230 -46.265999
0.334389 -46.282875
0.334548 -46.299725
0.334708 -46.316551
0.334867 -46.333351
0.335026 -46.350124
0.335185 -46.366879
0.335344 -46.383602
0.335503 -46.400307
0.335662 -46.416985
0.335822 -46.433640
0.335981 -46.450272
0.336140 -46.466877
0.336299 -46.483459
0.336458 -46.500019
0.336617 -46.516556
0.336776 -46.533066
0.336936 -46.549557
0.337095 -46.566021
0.337254 -46.582462
0.337413 -46.598881
0.337572 -46.615276
0.337731 -46.631649
0.337890 -46.647995
0.338050 -46.664322
0.338209 -46.680622
0.338368 -46.696903
0.338527 -46.713161
0.338686 -46.729393
0.338845 -46.745605
0.339004 -46.761795
0.339164 -46.777962
0.339323 -46.794106
0.339482 -46.810226
0.339641 -46.826324
0.339800 -46.842403
0.339959 -46.858459
0.340118 -46.874489
0.340278 -46.890499
0.340437 -46.906490
0.340596 -46.922455
0.340755 -46.938400
0.340914 -46.954323
0.341073 -46.970226
0.341232 -46.986103
0.341392 -47.001961
0.341551 -47.017799
0.341710 -47.033615
0.341869 -47.049408
0.342028 -47.065182
0.342187 -47.080933
0.342346 -47.096661
0.342506 -47.112370
0.342665 -47.128056
0.342824 -47.143723
0.342983 -47.159370
0.343142 -47.174992
0.343301 -47.190598
0.343461 -47.206181
0.343620 -47.221745
0.343779 -47.237286
0.343938 -47.252808
0.344097 -47.268307
0.344256 -47.283787
0.344415 -47.299248
0.344575 -47.314686
0.344734 -47.330105
0.344893 -47.345505
0.345052 -47.360886
0.345211 -47.376244
0.345370 -47.391582
0.345529 -47.406902
0.345689 -47.422199
0.345848 -47.437477
0.346007 -47.452736
0.346166 -47.467976
0.346325 -47.483196
0.346484 -47.498398
0.346643 -47.513577
0.346803 -47.528736
0.346962 -47.543877
0.347121 -47.559002
0.347280 -47.574104
0.347439 -47.589188
0.347598 -47.604252
0.347757 -47.619297
0.347917 -47.634323
0.348076 -47.649330
0.348235 -47.664318
0.348394 -47.679283
0.348553 -47.694233
0.348712 -47.709164
0.348871 -47.724075
0.349031 -47.738972
0.349190 -47.753845
0.349349 -47.768700
0.349508 -47.783539
0.349667 -47.798355
0.349826 -47.813156
0.349985 -47.827938
0.350145 -47.842701
0.350304 -47.857445
0.350463 -47.872173
0.350622 -47.886879
0.350781 -47.901569
0.350940 -47.916245
0.351099 -47.930897
0.351259 -47.945534
0.351418 -47.960152
0.351577 -47.974751
0.351736 -47.989334
0.351895 -48.003895
0.352054 -48.018444
0.352213 -48.032970
0.352373 -48.047482
0.352532 -48.061977
0.352691 -48.076450
0.352850 -48.090908
0.353009 -48.105350
0.353168 -48.119770
0.353327 -48.134178
0.353487 -48.148567
0.353646 -48.162937
0.353805 -48.177292
0.353964 -48.191628
0.354123 -48.205944
0.354282 -48.220249
0.354441 -48.234531
0.354601 -48.248802
0.354760 -48.263050
0.354919 -48.277287
0.355078 -48.291504
0.355237 -48.305702
0.355396 -48.319885
0.355555 -48.334053
0.355715 -48.348202
0.355874 -48.362335
0.356033 -48.376453
0.356192 -48.390553
0.356351 -48.404636
0.356510 -48.418701
0.356669 -48.432751
0.356829 -48.446785
0.356988 -48.460804
0.357147 -48.474804
0.357306 -48.488789
0.357465 -48.502758
0.357624 -48.516708
0.357783 -48.530643
0.357943 -48.544563
0.358102 -48.558468
0.358261 -48.572357
0.358420 -48.586227
0.358579 -48.600082
0.358738 -48.613926
0.358897 -48.627747
0.359057 -48.641556
0.359216 -48.655350
0.359375 -48.669125
0.359534 -48.682884
0.359693 -48.696632
0.359852 -48.710361
0.360011 -48.724075
0.360171 -48.737774
0.360330 -48.751453
0.360489 -48.765121
0.360648 -48.778774
0.360807 -48.792412
0.360966 -48.806030
0.361125 -48.819637
0.361285 -48.833229
0.361444 -48.846802
0.361603 -48.860363
0.361762 -48.873909
0.361921 -48.887436
0.362080 -48.900951
0.362239 -48.914452
0.362399 -48.927937
0.362558 -48.941406
0.362717 -48.954861
0.362876 -48.968300
0.363035 -48.981724
0.363194 -48.995132
0.363353 -49.008530
0.363513 -49.021908
0.363672 -49.035275
0.363831 -49.048626
0.363990 -49.061962
0.364149 -49.075283
0.364308 -49.088589
0.364467 -49.101883
0.364627 -49.115162
0.364786 -49.128422
0.364945 -49.141670
0.365104 -49.154907
0.365263 -49.168129
0.365422 -49.181332
0.365581 -49.194523
0.365741 -49.207703
0.365900 -49.220863
0.366059 -49.234013
0.366218 -49.247147
0.366377 -49.260269
0.366536 -49.273376
0.366695 -49.286469
0.366855 -49.299545
0.367014 -49.312611
0.367173 -49.325661
0.367332 -49.338696
0.367491 -49.351719
0.367650 -49.364727
0.367809 -49.377724
0.367969 -49.390705
0.368128 -49.403671
0.368287 -49.416622
0.368446 -49.429565
0.368605 -49.442490
0.368764 -49.455402
0.368923 -49.468300
0.369083 -49.481186
0.369242 -49.494057
0.369401 -49.506916
0.369560 -49.519760
0.369719 -49.532593
0.369878 -49.545410
0.370037 -49.558216
0.370197 -49.571007
0.370356 -49.583782
0.370515 -49.596550
0.370674 -49.609299
0.370833 -49.622040
0.370992 -49.634762
0.371151 -49.647472
0.371311 -49.660172
0.371470 -49.672859
0.371629 -49.685528
0.371788 -49.698189
0.371947 -49.710835
0.372106 -49.723469
0.372265 -49.736092
0.372425 -49.748695
0.372584 -49.761292
0.372743 -49.773872
0.372902 -49.786442
0.373061 -49.799000
0.373220 -49.811543
0.373379 -49.824074
0.373539 -49.836590
0.373698 -49.849094
0.373857 -49.861588
0.374016 -49.874069
0.374175 -49.886536
0.374334 -49.898987
0.374493 -49.911430
0.374653 -49.923859
0.374812 -49.936279
0.374971 -49.948681
0.375130 -49.961075
0.375289 -49.973454
0.375448 -49.985821
0.375607 -49.998177
0.375767 -50.010521
0.375926 -50.022850
0.376085 -50.035168
0.376244 -50.047474
0.376403 -50.059769
0.376562 -50.072048
0.376721 -50.084320
0.376881 -50.096577
0.377040 -50.108822
0.377199 -50.121056
0.377358 -50.133274
0.377517 -50.145485
0.377676 -50.157681
0.377835 -50.169865
0.377995 -50.182037
0.378154 -50.194199
0.378313 -50.206348
0.378472 -50.218487
0.378631 -50.230610
0.378790 -50.242725
0.378949 -50.254826
0.379109 -50.266918
0.379268 -50.278996
0.379427 -50.291061
0.379586 -50.303116
0.379745 -50.315159
0.379904 -50.327190
0.380063 -50.339211
0.380223 -50.351219
0.380382 -50.363216
0.380541 -50.375202
0.380700 -50.387177
0.380859 -50.399139
0.381018 -50.411091
0.381177 -50.423031
0.381337 -50.434956
0.381496 -50.446873
0.381655 -50.458778
0.381814 -50.470673
0.381973 -50.482555
0.382132 -50.494427
0.382291 -50.506287
0.382451 -50.518135
0.382610 -50.529976
0.382769 -50.541801
0.382928 -50.553616
0.383087 -50.565422
0.383246 -50.577213
0.383405 -50.588993
0.383565 -50.600765
0.383724 -50.612526
0.383883 -50.624275
0.384042 -50.636013
0.384201 -50.647739
0.384360 -50.659454
0.384520 -50.671158
0.384679 -50.682854
0.384838 -50.694534
0.384997 -50.706207
0.385156 -50.717869
0.385315 -50.729519
0.385474 -50.741158
0.385634 -50.752789
0.385793 -50.764408
0.385952 -50.776012
0.386111 -50.787609
0.386270 -50.799194
0.386429 -50.810772
0.386588 -50.822334
0.386748 -50.833889
0.386907 -50.845432
0.387066 -50.856968
0.387225 -50.868488
0.387384 -50.880001
0.387543 -50.891502
0.387702 -50.902992
0.387862 -50.914474
0.388021 -50.925941
0.388180 -50.937405
0.388339 -50.948853
0.388498 -50.960289
0.388657 -50.971718
0.388816 -50.983135
0.388976 -50.994545
0.389135 -51.005939
0.389294 -51.017330
0.389453 -51.028706
0.389612 -51.040070
0.389771 -51.051426
0.389930 -51.062775
0.390090 -51.074108
0.390249 -51.085434
0.390408 -51.096748
0.390567 -51.108055
0.390726 -51.119350
0.390885 -51.130638
0.391044 -51.141911
0.391204 -51.153175
0.391363 -51.164433
0.391522 -51.175678
0.391681 -51.186913
0.391840 -51.198139
0.391999 -51.209354
0.392158 -51.220558
0.392318 -51.231754
0.392477 -51.242939
0.392636 -51.254116
0.392795 -51.265282
0.392954 -51.276436
0.393113 -51.287582
0.393272 -51.298721
0.393432 -51.309845
0.393591 -51.320965
0.393750 -51.332069
0.393909 -51.343170
0.394068 -51.354256
0.394227 -51.365337
0.394386 -51.376404
0.394546 -51.387463
0.394705 -51.398510
0.394864 -51.409550
0.395023 -51.420582
0.395182 -51.431602
0.395341 -51.442612
0.395500 -51.453613
0.395660 -51.464607
0.395819 -51.475590
0.395978 -51.486565
0.396137 -51.497528
0.396296 -51.508480
0.396455 -51.519424
0.396614 -51.530361
0.396774 -51.541286
0.396933 -51.552204
0.397092 -51.563110
0.397251 -51.574009
0.397410 -51.584900
0.397569 -51.595779
0.397728 -51.606647
0.397888 -51.617512
0.398047 -51.628361
0.398206 -51.639206
0.398365 -51.650036
0.398524 -51.660862
0.398683 -51.671677
0.398842 -51.682484
0.399002 -51.693279
0.399161 -51.704067
0.399320 -51.714848
0.399479 -51.725616
0.399638 -51.736374
0.399797 -51.747128
0.399956 -51.757870
0.400116 -51.768604
0.400275 -51.779327
0.400434 -51.790043
0.400593 -51.800751
0.400752 -51.811447
0.400911 -51.822136
0.401070 -51.832817
0.401230 -51.843487
0.401389 -51.854149
0.401548 -51.864803
0.401707 -51.875446
0.401866 -51.886082
0.402025 -51.896709
0.402184 -51.907326
0.402344 -51.917934
0.402503 -51.928535
0.402662 -51.939129
0.402821 -51.949711
0.402980 -51.960285
0.403139 -51.970852
0.403298 -51.981407
0.403458 -51.991955
0.403617 -52.002495
0.403776 -52.013027
0.403935 -52.023548
0.404094 -52.034061
0.404253 -52.044567
0.404412 -52.055065
0.404572 -52.065552
0.404731 -52.076031
0.404890 -52.086502
0.405049 -52.096966
0.405208 -52.107418
0.405367 -52.117867
0.405526 -52.128304
0.405686 -52.138729
0.405845 -52.149151
0.406004 -52.159565
0.406163 -52.169968
0.406322 -52.180363
0.406481 -52.190750
0.406640 -52.201126
0.406800 -52.211498
0.406959 -52.221859
0.407118 -52.232212
0.407277 -52.242558
0.407436 -52.252895
0.407595 -52.263222
0.407754 -52.273544
0.407914 -52.283855
0.408073 -52.294159
0.408232 -52.304455
0.408391 -52.314743
0.408550 -52.325024
0.408709 -52.335293
0.408868 -52.345558
0.409028 -52.355812
0.409187 -52.366058
0.409346 -52.376297
0.409505 -52.386528
0.409664 -52.396751
0.409823 -52.406967
0.409982 -52.417171
0.410142 -52.427372
0.410301 -52.437561
0.410460 -52.447742
0.410619 -52.457920
0.410778 -52.468086
0.410937 -52.478245
0.411096 -52.488396
0.411256 -52.498535
0.411415 -52.508671
0.411574 -52.518799
0.411733 -52.528919
0.411892 -52.539028
0.412051 -52.549133
0.412210 -52.559227
0.412370 -52.569317
0.412529 -52.579395
0.412688 -52.589466
0.412847 -52.599533
0.413006 -52.609589
0.413165 -52.619637
0.413324 -52.629677
0.413484 -52.639709
0.413643 -52.649738
0.413802 -52.659756
0.413961 -52.669765
0.414120 -52.679768
0.414279 -52.689762
0.414438 -52.699749
0.414598 -52.709728
0.414757 -52.719700
0.414916 -52.729664
0.415075 -52.739620
0.415234 -52.749569
0.415393 -52.759514
0.415552 -52.769444
0.415712 -52.779373
0.415871 -52.789291
0.416030 -52.799202
0.416189 -52.809105
0.416348 -52.819000
0.416507 -52.828892
0.416666 -52.838772
0.416826 -52.848648
0.416985 -52.858513
0.417144 -52.868370
0.417303 -52.878223
0.417462 -52.888069
0.417621 -52.897903
0.417780 -52.907734
0.417940 -52.917557
0.418099 -52.927372
0.418258 -52.937180
0.418417 -52.946980
0.418576 -52.956772
0.418735 -52.966557
0.418894 -52.976334
0.419054 -52.986103
0.419213 -52.995869
0.419372 -53.005623
0.419531 -53.015373
0.419690 -53.025116
0.419849 -53.034851
0.420008 -53.044579
0.420168 -53.054298
0.420327 -53.064011
0.420486 -53.073715
0.420645 -53.083416
0.420804 -53.093105
0.420963 -53.102791
0.421122 -53.112469
0.421282 -53.122139
0.421441 -53.131802
0.421600 -53.141457
0.421759 -53.151104
0.421918 -53.160748
0.422077 -53.170380
0.422236 -53.180008
0.422396 -53.189629
0.422555 -53.199242
0.422714 -53.208847
0.422873 -53.218449
0.423032 -53.228043
0.423191 -53.237625
0.423350 -53.247204
0.423510 -53.256779
0.423669 -53.266342
0.423828 -53.275898
0.423987 -53.285450
0.424146 -53.294994
0.424305 -53.304531
0.424464 -53.314060
0.424624 -53.323586
0.424783 -53.333099
0.424942 -53.342609
0.425101 -53.352112
0.425260 -53.361610
0.425419 -53.371098
0.425579 -53.380581
0.425738 -53.390057
0.425897 -53.399525
0.426056 -53.408985
0.426215 -53.418442
0.426374 -53.427891
0.426533 -53.437332
0.426693 -53.446766
0.426852 -53.456192
0.427011 -53.465614
0.427170 -53.475029
0.427329 -53.484436
0.427488 -53.493839
0.427647 -53.503235
0.427807 -53.512623
0.427966 -53.522003
0.428125 -53.531376
0.428284 -53.540745
0.428443 -53.550106
0.428602 -53.559464
0.428761 -53.568810
0.428921 -53.578152
0.429080 -53.587486
0.429239 -53.596813
0.429398 -53.606136
0.429557 -53.615452
0.429716 -53.624760
0.429875 -53.634064
0.430035 -53.643360
0.430194 -53.652649
0.430353 -53.661934
0.430512 -53.671207
0.430671 -53.680477
0.430830 -53.689743
0.430989 -53.698997
0.431149 -53.708248
0.431308 -53.717495
0.431467 -53.726730
0.431626 -53.735962
0.431785 -53.745186
0.431944 -53.754406
0.432103 -53.763618
0.432263 -53.772823
0.432422 -53.782024
0.432581 -53.791218
0.432740 -53.800404
0.432899 -53.809582
0.433058 -53.818756
0.433217 -53.827927
0.433377 -53.837086
0.433536 -53.846241
0.433695 -53.855392
0.433854 -53.864532
0.434013 -53.873669
0.434172 -53.882797
0.434331 -53.891922
0.434491 -53.901039
0.434650 -53.910152
0.434809 -53.919258
0.434968 -53.928356
0.435127 -53.937450
0.435286 -53.946537
0.435445 -53.955616
0.435605 -53.964691
0.435764 -53.973759
0.435923 -53.982819
0.436082 -53.991875
0.436241 -54.000927
0.436400 -54.009968
0.436559 -54.019005
0.436719 -54.028038
0.436878 -54.037064
0.437037 -54.046082
0.437196 -54.055096
0.437355 -54.064102
0.437514 -54.073101
0.437673 -54.082096
0.437833 -54.091087
0.437992 -54.100071
0.438151 -54.109047
0.438310 -54.118015
0.438469 -54.126980
0.438628 -54.135941
0.438787 -54.144894
0.438947 -54.153839
0.439106 -54.162781
0.439265 -54.171715
0.439424 -54.180645
0.439583 -54.189568
0.439742 -54.198486
0.439901 -54.207394
0.440061 -54.216301
0.440220 -54.225201
0.440379 -54.234093
0.440538 -54.242981
0.440697 -54.251862
0.440856 -54.260738
0.441015 -54.269608
0.441175 -54.278473
0.441334 -54.287331
0.441493 -54.296185
0.441652 -54.305031
0.441811 -54.313869
0.441970 -54.322704
0.442129 -54.331535
0.442289 -54.340359
0.442448 -54.349174
0.442607 -54.357986
0.442766 -54.366791
0.442925 -54.375591
0.443084 -54.384388
0.443243 -54.393177
0.443403 -54.401958
0.443562 -54.410736
0.443721 -54.419510
0.443880 -54.428276
0.444039 -54.437035
0.444198 -54.445789
0.444357 -54.454536
0.444517 -54.463280
0.444676 -54.472019
0.444835 -54.480751
0.444994 -54.489475
0.445153 -54.498196
0.445312 -54.506912
0.445471 -54.515621
0.445631 -54.524323
0.445790 -54.533024
0.445949 -54.541714
0.446108 -54.550404
0.446267 -54.559082
0.446426 -54.567757
0.446585 -54.576427
0.446745 -54.585094
0.446904 -54.593754
0.447063 -54.602406
0.447222 -54.611053
0.447381 -54.619698
0.447540 -54.628334
0.447699 -54.636963
0.447859 -54.645592
0.448018 -54.654209
0.448177 -54.662827
0.448336 -54.671436
0.448495 -54.680038
0.448654 -54.688637
0.448813 -54.697231
0.448973 -54.705818
0.449132 -54.714401
0.449291 -54.722977
0.449450 -54.731548
0.449609 -54.740112
0.449768 -54.748676
0.449927 -54.757229
0.450087 -54.765778
0.450246 -54.774323
0.450405 -54.782860
0.450564 -54.791397
0.450723 -54.799923
0.450882 -54.808445
0.451041 -54.816963
0.451201 -54.825478
0.451360 -54.833984
0.451519 -54.842484
0.451678 -54.850979
0.451837 -54.859470
0.451996 -54.867958
0.452155 -54.876434
0.452315 -54.884911
0.452474 -54.893379
0.452633 -54.901844
0.452792 -54.910305
0.452951 -54.918758
0.453110 -54.927208
0.453269 -54.935650
0.453429 -54.944088
0.453588 -54.952522
0.453747 -54.960949
0.453906 -54.969372
0.454065 -54.977787
0.454224 -54.986198
0.454383 -54.994606
0.454543 -55.003010
0.454702 -55.011402
0.454861 -55.019794
0.455020 -55.028183
0.455179 -55.036564
0.455338 -55.044937
0.455497 -55.053310
0.455657 -55.061672
0.455816 -55.070034
0.455975 -55.078392
0.456134 -55.086739
0.456293 -55.095085
0.456452 -55.103424
0.456611 -55.111759
0.456771 -55.120090
0.456930 -55.128414
0.457089 -55.136734
0.457248 -55.145046
0.457407 -55.153358
0.457566 -55.161663
0.457725 -55.169960
0.457885 -55.178253
0.458044 -55.186543
0.458203 -55.194828
0.458362 -55.203110
0.458521 -55.211384
0.458680 -55.219650
0.458839 -55.227917
0.458999 -55.236176
0.459158 -55.244427
0.459317 -55.252678
0.459476 -55.260921
0.459635 -55.269161
0.459794 -55.277397
0.459953 -55.285625
0.460113 -55.293850
0.460272 -55.302067
0.460431 -55.310284
0.460590 -55.318493
0.460749 -55.326698
0.460908 -55.334896
0.461067 -55.343094
0.461227 -55.351284
0.461386 -55.359467
0.461545 -55.367649
0.461704 -55.375824
0.461863 -55.383995
0.462022 -55.392159
0.462181 -55.400318
0.462341 -55.408478
0.462500 -55.416626
0.462659 -55.424774
0.462818 -55.432915
0.462977 -55.441051
0.463136 -55.449181
0.463295 -55.457310
0.463455 -55.465431
0.463614 -55.473549
0.463773 -55.481663
0.463932 -55.489769
0.464091 -55.497871
0.464250 -55.505970
0.464409 -55.514065
0.464569 -55.522152
0.464728 -55.530235
0.464887 -55.538315
0.465046 -55.546391
0.465205 -55.554459
0.465364 -55.562523
0.465523 -55.570583
0.465683 -55.578640
0.465842 -55.586689
0.466001 -55.594734
0.466160 -55.602779
0.466319 -55.610813
0.466478 -55.618847
0.466637 -55.626873
0.466797 -55.634895
0.466956 -55.642914
0.467115 -55.650928
0.467274 -55.658936
0.467433 -55.666939
0.467592 -55.674938
0.467752 -55.682934
0.467911 -55.690922
0.468070 -55.698906
0.468229 -55.706890
0.468388 -55.714863
0.468547 -55.722836
0.468706 -55.730804
0.468866 -55.738766
0.469025 -55.746723
0.469184 -55.754677
0.469343 -55.762627
0.469502 -55.770569
0.469661 -55.778507
0.469820 -55.786442
0.469980 -55.794373
0.470139 -55.802299
0.470298 -55.810219
0.470457 -55.818138
0.470616 -55.826050
0.470775 -55.833958
0.470934 -55.841858
0.471094 -55.849758
0.471253 -55.857651
0.471412 -55.865540
0.471571 -55.873428
0.471730 -55.881306
0.471889 -55.889183
0.472048 -55.897053
0.472208 -55.904922
0.472367 -55.912785
0.472526 -55.920643
0.472685 -55.928497
0.472844 -55.936344
0.473003 -55.944191
0.473162 -55.952030
0.473322 -55.959866
0.473481 -55.967697
0.473640 -55.975525
0.473799 -55.983349
0.473958 -55.991165
0.474117 -55.998978
0.474276 -56.006790
0.474436 -56.014595
0.474595 -56.022396
0.474754 -56.030190
0.474913 -56.037983
0.475072 -56.045769
0.475231 -56.053555
0.475390 -56.061333
0.475550 -56.069107
0.475709 -56.076878
0.475868 -56.084641
0.476027 -56.092403
0.476186 -56.100159
0.476345 -56.107914
0.476504 -56.115662
0.476664 -56.123405
0.476823 -56.131145
0.476982 -56.138882
0.477141 -56.146610
0.477300 -56.154339
0.477459 -56.162060
0.477618 -56.169777
0.477778 -56.177494
0.477937 -56.185204
0.478096 -56.192909
0.478255 -56.200607
0.478414 -56.208305
0.478573 -56.216000
0.478732 -56.223686
0.478892 -56.231369
0.479051 -56.239052
0.479210 -56.246727
0.479369 -56.254398
0.479528 -56.262066
0.479687 -56.269726
0.479846 -56.277386
0.480006 -56.285042
0.480165 -56.292690
0.480324 -56.300339
0.480483 -56.307980
0.480642 -56.315617
0.480801 -56.323250
0.480960 -56.330879
0.481120 -56.338505
0.481279 -56.346127
0.481438 -56.353745
0.481597 -56.361355
0.481756 -56.368965
0.481915 -56.376568
0.482074 -56.384167
0.482234 -56.391766
0.482393 -56.399357
0.482552 -56.406944
0.482711 -56.414528
0.482870 -56.422108
0.483029 -56.429684
0.483188 -56.437256
0.483348 -56.444820
0.483507 -56.452385
0.483666 -56.459942
0.483825 -56.467499
0.483984 -56.475052
0.484143 -56.482597
0.484302 -56.490139
0.484462 -56.497677
0.484621 -56.505211
0.484780 -56.512745
0.484939 -56.520271
0.485098 -56.527794
0.485257 -56.535309
0.485416 -56.542824
0.485576 -56.550335
0.485735 -56.557842
0.485894 -56.565346
0.486053 -56.572842
0.486212 -56.580338
0.486371 -56.587826
0.486530 -56.595314
0.486690 -56.602795
0.486849 -56.610275
0.487008 -56.617748
0.487167 -56.625217
0.487326 -56.632683
0.487485 -56.640148
0.487644 -56.647606
0.487804 -56.655060
0.487963 -56.662510
0.488122 -56.669956
0.488281 -56.677399
0.488440 -56.684837
0.488599 -56.692272
0.488758 -56.699703
0.488918 -56.707127
0.489077 -56.714550
0.489236 -56.721970
0.489395 -56.729385
0.489554 -56.736797
0.489713 -56.744205
0.489872 -56.751606
0.490032 -56.759007
0.490191 -56.766403
0.490350 -56.773792
0.490509 -56.781181
0.490668 -56.788563
0.490827 -56.795944
0.490986 -56.803322
0.491146 -56.810692
0.491305 -56.818062
0.491464 -56.825424
0.491623 -56.832787
0.491782 -56.840141
0.491941 -56.847496
0.492100 -56.854843
0.492260 -56.862190
0.492419 -56.869530
0.492578 -56.876869
0.492737 -56.884201
0.492896 -56.891533
0.493055 -56.898857
0.493214 -56.906181
0.493374 -56.913498
0.493533 -56.920815
0.493692 -56.928123
0.493851 -56.935432
0.494010 -56.942734
0.494169 -56.950035
0.494328 -56.957329
0.494488 -56.964622
0.494647 -56.971909
0.494806 -56.979195
0.494965 -56.986473
0.495124 -56.993752
0.495283 -57.001026
0.495442 -57.008293
0.495602 -57.015560
0.495761 -57.022820
0.495920 -57.030079
0.496079 -57.037334
0.496238 -57.044582
0.496397 -57.051830
0.496556 -57.059074
0.496716 -57.066315
0.496875 -57.073547
0.497034 -57.080780
0.497193 -57.088009
0.497352 -57.095234
0.497511 -57.102455
0.497670 -57.109673
0.497830 -57.116886
0.497989 -57.124096
0.498148 -57.131302
0.498307 -57.138504
0.498466 -57.145702
0.498625 -57.152897
0.498784 -57.160091
0.498944 -57.167278
0.499103 -57.174461
0.499262 -57.181641
0.499421 -57.188820
0.499580 -57.195992
0.499739 -57.203163
0.499898 -57.210327
0.500058 -57.217491
0.500217 -57.224651
0.500376 -57.231804
0.500535 -57.238956
0.500694 -57.246105
0.500853 -57.253250
0.501012 -57.260387
0.501172 -57.267529
0.501331 -57.274658
0.501490 -57.281792
0.501649 -57.288918
0.501808 -57.296040
0.501967 -57.303158
0.502126 -57.310272
0.502286 -57.317387
0.502445 -57.324493
0.502604 -57.331600
0.502763 -57.338699
0.502922 -57.345798
0.503081 -57.352894
0.503240 -57.359982
0.503400 -57.367069
0.503559 -57.374153
0.503718 -57.381233
0.503877 -57.388309
0.504036 -57.395386
0.504195 -57.402454
0.504354 -57.409519
0.504514 -57.416580
0.504673 -57.423641
0.504832 -57.430695
0.504991 -57.437748
0.505150 -57.444798
0.505309 -57.451843
0.505468 -57.458881
0.505628 -57.465919
0.505787 -57.472954
0.505946 -57.479984
0.506105 -57.487015
0.506264 -57.494038
0.506423 -57.501057
0.506582 -57.508076
0.506742 -57.515087
0.506901 -57.522099
0.507060 -57.529106
0.507219 -57.536110
0.507378 -57.543110
0.507537 -57.550106
0.507696 -57.557098
0.507856 -57.564087
0.508015 -57.571072
0.508174 -57.578056
0.508333 -57.585037
0.508492 -57.592010
0.508651 -57.598984
0.508811 -57.605953
0.508970 -57.612919
0.509129 -57.619881
0.509288 -57.626839
0.509447 -57.633793
0.509606 -57.640747
0.509765 -57.647694
0.509925 -57.654640
0.510084 -57.661583
0.510243 -57.668518
0.510402 -57.675453
0.510561 -57.682388
0.510720 -57.689316
0.510879 -57.696239
0.511039 -57.703163
0.511198 -57.710079
0.511357 -57.716995
0.511516 -57.723907
0.511675 -57.730816
0.511834 -57.737720
0.511993 -57.744621
0.512153 -57.751518
0.512312 -57.758411
0.512471 -57.765305
0.512630 -57.772194
0.512789 -57.779079
0.512948 -57.785957
0.513107 -57.792839
0.513267 -57.799713
0.513426 -57.806583
0.513585 -57.813454
0.513744 -57.820316
0.513903 -57.827179
0.514062 -57.834038
0.514221 -57.840893
0.514381 -57.847744
0.514540 -57.854591
0.514699 -57.861439
0.514858 -57.868279
0.515017 -57.875118
0.515176 -57.881954
0.515335 -57.888786
0.515495 -57.895615
0.515654 -57.902439
0.515813 -57.909264
0.515972 -57.916084
0.516131 -57.922897
0.516290 -57.929710
0.516449 -57.936520
0.516609 -57.943325
0.516768 -57.950130
0.516927 -57.956928
0.517086 -57.963726
0.517245 -57.970520
0.517404 -57.977310
0.517563 -57.984097
0.517723 -57.990879
0.517882 -57.997658
0.518041 -58.004436
0.518200 -58.011211
0.518359 -58.017982
0.518518 -58.024750
0.518677 -58.031513
0.518837 -58.038273
0.518996 -58.045033
0.519155 -58.051788
0.519314 -58.058540
0.519473 -58.065285
0.519632 -58.072033
0.519791 -58.078773
0.519951 -58.085514
0.520110 -58.092251
0.520269 -58.098984
0.520428 -58.105713
0.520587 -58.112438
0.520746 -58.119160
0.520905 -58.125881
0.521065 -58.132599
0.521224 -58.139309
0.521383 -58.146023
0.521542 -58.152729
0.521701 -58.159431
0.521860 -58.166134
0.522019 -58.172832
0.522179 -58.179527
0.522338 -58.186218
0.522497 -58.192909
0.522656 -58.199593
0.522815 -58.206276
0.522974 -58.212955
0.523133 -58.219631
0.523293 -58.226307
0.523452 -58.232975
0.523611 -58.239643
0.523770 -58.246307
0.523929 -58.252968
0.524088 -58.259624
0.524247 -58.266277
0.524407 -58.272930
0.524566 -58.279579
0.524725 -58.286224
0.524884 -58.292870
0.525043 -58.299507
0.525202 -58.306145
0.525361 -58.312775
0.525521 -58.319405
0.525680 -58.326035
0.525839 -58.332657
0.525998 -58.339279
0.526157 -58.345894
0.526316 -58.352512
0.526475 -58.359123
0.526635 -58.365730
0.526794 -58.372337
0.526953 -58.378941
0.527112 -58.385540
0.527271 -58.392136
0.527430 -58.398731
0.527589 -58.405319
0.527749 -58.411907
0.527908 -58.418495
0.528067 -58.425076
0.528226 -58.431656
0.528385 -58.438229
0.528544 -58.444801
0.528703 -58.451374
0.528863 -58.457939
0.529022 -58.464504
0.529181 -58.471062
0.529340 -58.477623
0.529499 -58.484177
0.529658 -58.490726
0.529817 -58.497276
0.529977 -58.503822
0.530136 -58.510365
0.530295 -58.516907
0.530454 -58.523441
0.530613 -58.529976
0.530772 -58.536507
0.530931 -58.543034
0.531091 -58.549561
0.531250 -58.556084
0.531409 -58.562603
0.531568 -58.569118
0.531727 -58.575630
0.531886 -58.582142
0.532045 -58.588650
0.532205 -58.595154
0.532364 -58.601658
0.532523 -58.608154
0.532682 -58.614651
0.532841 -58.621143
0.533000 -58.627632
0.533159 -58.634121
0.533319 -58.640606
0.533478 -58.647087
0.533637 -58.653564
0.533796 -58.660042
0.533955 -58.666512
0.534114 -58.672981
0.534273 -58.679451
0.534433 -58.685913
0.534592 -58.692375
0.534751 -58.698833
0.534910 -58.705288
0.535069 -58.711742
0.535228 -58.718189
0.535387 -58.724636
0.535547 -58.731079
0.535706 -58.737522
0.535865 -58.743961
0.536024 -58.750393
0.536183 -58.756828
0.536342 -58.763256
0.536501 -58.769684
0.536661 -58.776108
0.536820 -58.782528
0.536979 -58.788944
0.537138 -58.795361
0.537297 -58.801773
0.537456 -58.808182
0.537615 -58.814590
0.537775 -58.820995
0.537934 -58.827396
0.538093 -58.833794
0.538252 -58.840191
0.538411 -58.846584
0.538570 -58.852974
0.538729 -58.859360
0.538889 -58.865742
0.539048 -58.872124
0.539207 -58.878502
0.539366 -58.884880
0.539525 -58.891251
0.539684 -58.897621
0.539843 -58.903992
0.540003 -58.910355
0.540162 -58.916718
0.540321 -58.923077
0.540480 -58.929432
0.540639 -58.935783
0.540798 -58.942135
0.540957 -58.948483
0.541117 -58.954830
0.541276 -58.961174
0.541435 -58.967510
0.541594 -58.973846
0.541753 -58.980183
0.541912 -58.986515
0.542071 -58.992844
0.542231 -58.999168
0.542390 -59.005493
0.542549 -59.011814
0.542708 -59.018131
0.542867 -59.024445
0.543026 -59.030758
0.543185 -59.037067
0.543345 -59.043373
0.543504 -59.049679
0.543663 -59.055977
0.543822 -59.062275
0.543981 -59.068573
0.544140 -59.074867
0.544299 -59.081158
0.544459 -59.087444
0.544618 -59.093727
0.544777 -59.100010
0.544936 -59.106293
0.545095 -59.112568
0.545254 -59.118843
0.545413 -59.125114
0.545573 -59.131382
0.545732 -59.137650
0.545891 -59.143909
0.546050 -59.150173
0.546209 -59.156429
0.546368 -59.162685
0.546527 -59.168938
0.546687 -59.175186
0.546846 -59.181435
0.547005 -59.187679
0.547164 -59.193920
0.547323 -59.200161
0.547482 -59.206398
0.547641 -59.212631
0.547801 -59.218861
0.547960 -59.225090
0.548119 -59.231316
0.548278 -59.237541
0.548437 -59.243759
0.548596 -59.249977
0.548755 -59.256195
0.548915 -59.262405
0.549074 -59.268616
0.549233 -59.274826
0.549392 -59.281029
0.549551 -59.287231
0.549710 -59.293430
0.549870 -59.299629
0.550029 -59.305820
0.550188 -59.312012
0.550347 -59.318203
0.550506 -59.324390
0.550665 -59.330574
0.550824 -59.336754
0.550984 -59.342934
0.551143 -59.349110
0.551302 -59.355282
0.551461 -59.361454
0.551620 -59.367622
0.551779 -59.373787
0.551938 -59.379948
0.552098 -59.386108
0.552257 -59.392269
0.552416 -59.398422
0.552575 -59.404575
0.552734 -59.410725
0.552893 -59.416870
0.553052 -59.423016
0.553212 -59.429161
0.553371 -59.435299
0.553530 -59.441437
0.553689 -59.447571
0.553848 -59.453701
0.554007 -59.459831
0.554166 -59.465958
0.554326 -59.472084
0.554485 -59.478207
0.554644 -59.484325
0.554803 -59.490440
0.554962 -59.496555
0.555121 -59.502666
0.555280 -59.508774
0.555440 -59.514881
0.555599 -59.520985
0.555758 -59.527088
0.555917 -59.533184
0.556076 -59.539280
0.556235 -59.545376
0.556394 -59.551468
0.556554 -59.557556
0.556713 -59.563641
0.556872 -59.569725
0.557031 -59.575806
0.557190 -59.581886
0.557349 -59.587963
0.557508 -59.594036
0.557668 -59.600105
0.557827 -59.606174
0.557986 -59.612240
0.558145 -59.618305
0.558304 -59.624363
0.558463 -59.630424
0.558622 -59.636478
0.558782 -59.642532
0.558941 -59.648582
0.559100 -59.654633
0.559259 -59.660679
0.559418 -59.666721
0.559577 -59.672764
0.559736 -59.678802
0.559896 -59.684837
0.560055 -59.690872
0.560214 -59.696903
0.560373 -59.702930
0.560532 -59.708958
0.560691 -59.714981
0.560850 -59.721001
0.561010 -59.727020
0.561169 -59.733036
0.561328 -59.739052
0.561487 -59.745064
0.561646 -59.751072
0.561805 -59.757080
0.561964 -59.763081
0.562124 -59.769085
0.562283 -59.775082
0.562442 -59.781082
0.562601 -59.787075
0.562760 -59.793068
0.562919 -59.799057
0.563078 -59.805042
0.563238 -59.811028
0.563397 -59.817009
0.563556 -59.822990
0.563715 -59.828968
0.563874 -59.834942
0.564033 -59.840912
0.564192 -59.846882
0.564352 -59.852852
0.564511 -59.858818
0.564670 -59.864780
0.564829 -59.870739
0.564988 -59.876698
0.565147 -59.882652
0.565306 -59.888607
0.565466 -59.894558
0.565625 -59.900505
0.565784 -59.906452
0.565943 -59.912395
0.566102 -59.918335
0.566261 -59.924274
0.566420 -59.930210
0.566580 -59.936146
0.566739 -59.942078
0.566898 -59.948006
0.567057 -59.953934
0.567216 -59.959858
0.567375 -59.965778
0.567534 -59.971699
0.567694 -59.977615
0.567853 -59.983532
0.568012 -59.989441
0.568171 -59.995354
0.568330 -60.001263
0.568489 -60.007168
0.568648 -60.013069
0.568808 -60.018970
0.568967 -60.024868
0.569126 -60.030766
0.569285 -60.036659
0.569444 -60.042549
0.569603 -60.048439
0.569762 -60.054325
0.569922 -60.060211
0.570081 -60.066093
0.570240 -60.071972
0.570399 -60.077850
0.570558 -60.083725
0.570717 -60.089596
0.570876 -60.095467
0.571036 -60.101334
0.571195 -60.107201
0.571354 -60.113064
0.571513 -60.118923
0.571672 -60.124783
0.571831 -60.130638
0.571990 -60.136494
0.572150 -60.142345
0.572309 -60.148193
0.572468 -60.154041
0.572627 -60.159885
0.572786 -60.165730
0.572945 -60.171570
0.573104 -60.177406
0.573264 -60.183243
0.573423 -60.189075
0.573582 -60.194904
0.573741 -60.200733
0.573900 -60.206562
0.574059 -60.212387
0.574218 -60.218208
0.574378 -60.224026
0.574537 -60.229843
0.574696 -60.235657
0.574855 -60.241470
0.575014 -60.247280
0.575173 -60.253090
0.575332 -60.258896
0.575492 -60.264698
0.575651 -60.270500
0.575810 -60.276299
0.575969 -60.282097
0.576128 -60.287891
0.576287 -60.293682
0.576446 -60.299473
0.576606 -60.305260
0.576765 -60.311047
0.576924 -60.316830
0.577083 -60.322609
0.577242 -60.328388
0.577401 -60.334164
0.577560 -60.339939
0.577720 -60.345711
0.577879 -60.351479
0.578038 -60.357246
0.578197 -60.363014
0.578356 -60.368774
0.578515 -60.374538
0.578674 -60.380295
0.578834 -60.386051
0.578993 -60.391804
0.579152 -60.397556
0.579311 -60.403305
0.579470 -60.409054
0.579629 -60.414799
0.579788 -60.420544
0.579948 -60.426281
0.580107 -60.432022
0.580266 -60.437759
0.580425 -60.443493
0.580584 -60.449223
0.580743 -60.454952
0.580902 -60.460682
0.581062 -60.466404
0.581221 -60.472130
0.581380 -60.477848
0.581539 -60.483566
0.581698 -60.489285
0.581857 -60.494999
0.582016 -60.500710
0.582176 -60.506420
0.582335 -60.512127
0.582494 -60.517834
0.582653 -60.523537
0.582812 -60.529236
0.582971 -60.534935
0.583130 -60.540634
0.583290 -60.546326
0.583449 -60.552021
0.583608 -60.557709
0.583767 -60.563396
0.583926 -60.569084
0.584085 -60.574768
0.584244 -60.580448
0.584404 -60.586128
0.584563 -60.591805
0.584722 -60.597481
0.584881 -60.603153
0.585040 -60.608822
0.585199 -60.614491
0.585358 -60.620159
0.585518 -60.625820
0.585677 -60.631485
0.585836 -60.637142
0.585995 -60.642803
0.586154 -60.648457
0.586313 -60.654110
0.586472 -60.659763
0.586632 -60.665409
0.586791 -60.671059
0.586950 -60.676704
0.587109 -60.682346
0.587268 -60.687984
0.587427 -60.693623
0.587586 -60.699261
0.587746 -60.704895
0.587905 -60.710526
0.588064 -60.716156
0.588223 -60.721786
0.588382 -60.727409
0.588541 -60.733036
0.588700 -60.738655
0.588860 -60.744274
0.589019 -60.749893
0.589178 -60.755508
0.589337 -60.761120
0.589496 -60.766731
0.589655 -60.772339
0.589814 -60.777946
0.589974 -60.783550
0.590133 -60.789154
0.590292 -60.794754
0.590451 -60.800350
0.590610 -60.805946
0.590769 -60.811543
0.590929 -60.817135
0.591088 -60.822723
0.591247 -60.828312
0.591406 -60.833897
0.591565 -60.839481
0.591724 -60.845062
0.591883 -60.850643
0.592043 -60.856220
0.592202 -60.861794
0.592361 -60.867367
0.592520 -60.872940
0.592679 -60.878506
0.592838 -60.884075
0.592997 -60.889641
0.593157 -60.895203
0.593316 -60.900764
0.593475 -60.906322
0.593634 -60.911877
0.593793 -60.917431
0.593952 -60.922985
0.594111 -60.928535
0.594271 -60.934082
0.594430 -60.939629
0.594589 -60.945175
0.594748 -60.950718
0.594907 -60.956257
0.595066 -60.961796
0.595225 -60.967331
0.595385 -60.972866
0.595544 -60.978397
0.595703 -60.983925
0.595862 -60.989452
0.596021 -60.994980
0.596180 -61.000504
0.596339 -61.006027
0.596499 -61.011547
0.596658 -61.017063
0.596817 -61.022579
0.596976 -61.028091
0.597135 -61.033604
0.597294 -61.039112
0.597453 -61.044621
0.597613 -61.050125
0.597772 -61.055630
0.597931 -61.061131
0.598090 -61.066631
0.598249 -61.072128
0.598408 -61.077621
0.598567 -61.083118
0.598727 -61.088608
0.598886 -61.094097
0.599045 -61.099583
0.599204 -61.105068
0.599363 -61.110554
0.599522 -61.116035
0.599681 -61.121513
0.599841 -61.126991
0.600000 -61.132469
0.600159 -61.137939
0.600318 -61.143410
0.600477 -61.148880
0.600636 -61.154346
0.600795 -61.159813
0.600955 -61.165276
0.601114 -61.170738
0.601273 -61.176197
0.601432 -61.181656
0.601591 -61.187111
0.601750 -61.192566
0.601909 -61.198017
0.602069 -61.203465
0.602228 -61.208912
0.602387 -61.214359
0.602546 -61.219803
0.602705 -61.225243
0.602864 -61.230682
0.603023 -61.236118
0.603183 -61.241554
0.603342 -61.246990
0.603501 -61.252422
0.603660 -61.257851
0.603819 -61.263279
0.603978 -61.268703
0.604137 -61.274128
0.604297 -61.279549
0.604456 -61.284969
0.604615 -61.290390
0.604774 -61.295803
0.604933 -61.301220
0.605092 -61.306629
0.605251 -61.312042
0.605411 -61.317448
0.605570 -61.322857
0.605729 -61.328259
0.605888 -61.333664
0.606047 -61.339062
0.606206 -61.344463
0.606365 -61.349857
0.606525 -61.355251
0.606684 -61.360645
0.606843 -61.366035
0.607002 -61.371426
0.607161 -61.376812
0.607320 -61.382198
0.607479 -61.387581
0.607639 -61.392963
0.607798 -61.398342
0.607957 -61.403717
0.608116 -61.409096
0.608275 -61.414467
0.608434 -61.419838
0.608593 -61.425209
0.608753 -61.430576
0.608912 -61.435944
0.609071 -61.441307
0.609230 -61.446667
0.609389 -61.452030
0.609548 -61.457386
0.609707 -61.462742
0.609867 -61.468098
0.610026 -61.473450
0.610185 -61.478802
0.610344 -61.484150
0.610503 -61.489494
0.610662 -61.494839
0.610821 -61.500183
0.610981 -61.505524
0.611140 -61.510864
0.611299 -61.516201
0.611458 -61.521538
0.611617 -61.526871
0.611776 -61.532204
0.611935 -61.537533
0.612095 -61.542858
0.612254 -61.548187
0.612413 -61.553509
0.612572 -61.558830
0.612731 -61.564152
0.612890 -61.569473
0.613049 -61.574787
0.613209 -61.580101
0.613368 -61.585415
0.613527 -61.590725
0.613686 -61.596035
0.613845 -61.601341
0.614004 -61.606647
0.614163 -61.611950
0.614323 -61.617252
0.614482 -61.622555
0.614641 -61.627850
0.614800 -61.633148
0.614959 -61.638439
0.615118 -61.643734
0.615277 -61.649025
0.615437 -61.654312
0.615596 -61.659599
0.615755 -61.664886
0.615914 -61.670170
0.616073 -61.675449
0.616232 -61.680729
0.616391 -61.686005
0.616551 -61.691280
0.616710 -61.696556
0.616869 -61.701828
0.617028 -61.707096
0.617187 -61.712368
0.617346 -61.717632
0.617505 -61.722897
0.617665 -61.728161
0.617824 -61.733421
0.617983 -61.738682
0.618142 -61.743938
0.618301 -61.749195
0.618460 -61.754448
0.618619 -61.759701
0.618779 -61.764950
0.618938 -61.770199
0.619097 -61.775444
0.619256 -61.780689
0.619415 -61.785931
0.619574 -61.791172
0.619733 -61.796413
0.619893 -61.801651
0.620052 -61.806885
0.620211 -61.812119
0.620370 -61.817348
0.620529 -61.822582
0.620688 -61.827808
0.620847 -61.833035
0.621007 -61.838261
0.621166 -61.843483
0.621325 -61.848705
0.621484 -61.853924
0.621643 -61.859142
0.621802 -61.864357
0.621961 -61.869572
0.622121 -61.874783
0.622280 -61.879993
0.622439 -61.885201
0.622598 -61.890408
0.622757 -61.895615
0.622916 -61.900818
0.623075 -61.906017
0.623235 -61.911217
0.623394 -61.916416
0.623553 -61.921612
0.623712 -61.926804
0.623871 -61.931999
0.624030 -61.937187
0.624189 -61.942375
0.624349 -61.947563
0.624508 -61.952751
0.624667 -61.957932
0.624826 -61.963116
0.624985 -61.968296
0.625144 -61.973473
0.625303 -61.978649
0.625463 -61.983826
0.625622 -61.988998
0.625781 -61.994167
0.625940 -61.999336
0.626099 -62.004505
0.626258 -62.009670
0.626417 -62.014835
0.626577 -62.019997
0.626736 -62.025158
0.626895 -62.030319
0.627054 -62.035477
0.627213 -62.040630
0.627372 -62.045784
0.627531 -62.050938
0.627691 -62.056087
0.627850 -62.061234
0.628009 -62.066380
0.628168 -62.071526
0.628327 -62.076668
0.628486 -62.081810
0.628645 -62.086948
0.628805 -62.092087
0.628964 -62.097225
0.629123 -62.102360
0.629282 -62.107491
0.629441 -62.112621
0.629600 -62.117752
0.629759 -62.122879
0.629919 -62.128006
0.630078 -62.133129
0.630237 -62.138252
0.630396 -62.143372
0.630555 -62.148491
0.630714 -62.153606
0.630873 -62.158722
0.631033 -62.163837
0.631192 -62.168949
0.631351 -62.174061
0.631510 -62.179169
0.631669 -62.184277
0.631828 -62.189381
0.631988 -62.194485
0.632147 -62.199585
0.632306 -62.204685
0.632465 -62.209785
0.632624 -62.214882
0.632783 -62.219975
0.632942 -62.225067
0.633102 -62.230160
0.633261 -62.235249
0.633420 -62.240337
0.633579 -62.245422
0.633738 -62.250507
0.633897 -62.255592
0.634056 -62.260674
0.634216 -62.265751
0.634375 -62.270828
0.634534 -62.275906
0.634693 -62.280979
0.634852 -62.286053
0.635011 -62.291122
0.635170 -62.296192
0.635330 -62.301262
0.635489 -62.306328
0.635648 -62.311394
0.635807 -62.316456
0.635966 -62.321514
0.636125 -62.326576
0.636284 -62.331631
0.636444 -62.336689
0.636603 -62.341743
0.636762 -62.346794
0.636921 -62.351849
0.637080 -62.356895
0.637239 -62.361942
0.637398 -62.366989
0.637558 -62.372032
0.637717 -62.377075
0.637876 -62.382118
0.638035 -62.387157
0.638194 -62.392193
0.638353 -62.397228
0.638512 -62.402264
0.638672 -62.407295
0.638831 -62.412327
0.638990 -62.417358
0.639149 -62.422382
0.639308 -62.427410
0.639467 -62.432434
0.639626 -62.437458
0.639786 -62.442478
0.639945 -62.447498
0.640104 -62.452515
0.640263 -62.457531
0.640422 -62.462543
0.640581 -62.467560
0.640740 -62.472569
0.640900 -62.477577
0.641059 -62.482586
0.641218 -62.487591
0.641377 -62.492596
0.641536 -62.497601
0.641695 -62.502602
0.641854 -62.507599
0.642014 -62.512596
0.642173 -62.517593
0.642332 -62.522587
0.642491 -62.527580
0.642650 -62.532574
0.642809 -62.537563
0.642968 -62.542553
0.643128 -62.547539
0.643287 -62.552525
0.643446 -62.557507
0.643605 -62.562489
0.643764 -62.567467
0.643923 -62.572445
0.644082 -62.577423
0.644242 -62.582397
0.644401 -62.587372
0.644560 -62.592342
0.644719 -62.597313
0.644878 -62.602283
0.645037 -62.607250
0.645196 -62.612217
0.645356 -62.617180
0.645515 -62.622139
0.645674 -62.627102
0.645833 -62.632061
0.645992 -62.637016
0.646151 -62.641972
0.646310 -62.646927
0.646470 -62.651878
0.646629 -62.656830
0.646788 -62.661781
0.646947 -62.666725
0.647106 -62.671673
0.647265 -62.676620
0.647424 -62.681561
0.647584 -62.686501
0.647743 -62.691444
0.647902 -62.696381
0.648061 -62.701317
0.648220 -62.706253
0.648379 -62.711185
0.648538 -62.716118
0.648698 -62.721046
0.648857 -62.725975
0.649016 -62.730904
0.649175 -62.735828
0.649334 -62.740753
0.649493 -62.745674
0.649652 -62.750595
0.649812 -62.755516
0.649971 -62.760429
0.650130 -62.765347
0.650289 -62.770260
0.650448 -62.775173
0.650607 -62.780087
0.650766 -62.784996
0.650926 -62.789902
0.651085 -62.794811
0.651244 -62.799717
0.651403 -62.804619
0.651562 -62.809521
0.651721 -62.814419
0.651880 -62.819317
0.652040 -62.824215
0.652199 -62.829113
0.652358 -62.834003
0.652517 -62.838898
0.652676 -62.843788
0.652835 -62.848679
0.652994 -62.853565
0.653154 -62.858452
0.653313 -62.863338
0.653472 -62.868217
0.653631 -62.873100
0.653790 -62.877979
0.653949 -62.882858
0.654108 -62.887737
0.654268 -62.892609
0.654427 -62.897484
0.654586 -62.902355
0.654745 -62.907227
0.654904 -62.912098
0.655063 -62.916965
0.655222 -62.921829
0.655382 -62.926693
0.655541 -62.931557
0.655700 -62.936420
0.655859 -62.941277
0.656018 -62.946136
0.656177 -62.950993
0.656336 -62.955849
0.656496 -62.960701
0.656655 -62.965553
0.656814 -62.970406
0.656973 -62.975254
0.657132 -62.980103
0.657291 -62.984947
0.657450 -62.989792
0.657610 -62.994637
0.657769 -62.999477
0.657928 -63.004318
0.658087 -63.009155
0.658246 -63.013992
0.658405 -63.018826
0.658564 -63.023663
0.658724 -63.028492
0.658883 -63.033325
0.659042 -63.038155
0.659201 -63.042980
0.659360 -63.047806
0.659519 -63.052631
0.659678 -63.057453
0.659838 -63.062275
0.659997 -63.067097
0.660156 -63.071915
0.660315 -63.076733
0.660474 -63.081547
0.660633 -63.086361
0.660792 -63.091175
0.660952 -63.095985
0.661111 -63.100796
0.661270 -63.105602
0.661429 -63.110409
0.661588 -63.115215
0.661747 -63.120018
0.661906 -63.124821
0.662066 -63.129620
0.662225 -63.134418
0.662384 -63.139217
0.662543 -63.144012
0.662702 -63.148808
0.662861 -63.153603
0.663021 -63.158394
0.663180 -63.163181
0.663339 -63.167973
0.663498 -63.172760
0.663657 -63.177544
0.663816 -63.182327
0.663975 -63.187111
0.664135 -63.191891
0.664294 -63.196671
0.664453 -63.201450
0.664612 -63.206226
0.664771 -63.211002
0.664930 -63.215775
0.665089 -63.220547
0.665249 -63.225319
0.665408 -63.230087
0.665567 -63.234856
0.665726 -63.239624
0.665885 -63.244385
0.666044 -63.249149
0.666203 -63.253914
0.666363 -63.258671
0.666522 -63.263432
0.666681 -63.268188
0.666840 -63.272945
0.666999 -63.277699
0.667158 -63.282452
0.667317 -63.287205
0.667477 -63.291954
0.667636 -63.296703
0.667795 -63.301449
0.667954 -63.306198
0.668113 -63.310940
0.668272 -63.315681
0.668431 -63.320423
